0.150237 0.710044 0.119852 0.067225
0.162849 0.251984 0.020443 0.048094
0.395474 0.011945 0.064571 0.072333
0.439286 0.003095 0.381936 0.074853
0.012768 0.005718 0.037606 0.017119
0.046178 0.000943 0.172279 0.003424
0.003114 0.119140 0.002280 0.003393
0.001790 0.504428 0.079417 0.004143
0.014422 0.005707 0.011659 0.000087
0.018717 0.006817 0.003365 0.006256
0.000312 0.012948 0.047738 0.000731
0.003164 0.041894 0.002104 0.009153
0.005113 0.367039 0.002436 0.001117
0.001194 0.026910 0.048757 0.002099
0.009795 0.024485 0.034080 0.085200
0.008823 0.071984 0.001460 0.004284
0.027446 0.007517 0.022506 0.004511
0.017119 0.010126 0.002973 0.009035
0.002274 0.005429 0.005202 0.003567
0.004060 0.098983 0.025895 0.016025
0.003106 0.006632 0.004301 0.004798
0.003792 0.025125 0.001657 0.034793
0.004982 0.016503 0.034057 0.035685
0.022435 0.010333 0.002679 0.007054
0.021874 0.002760 0.019953 0.008106
0.057812 0.160371 0.060491 0.008532
0.038977 0.116466 0.064762 0.027650
0.007487 0.043379 0.051224 0.005201
0.006767 0.033923 0.057679 0.032303
0.079498 0.039877 0.029898 0.014690
0.186320 0.013089 0.064873 0.207512
0.017732 0.006870 0.011014 0.018797
0.013802 0.165056 0.002020 0.004607
0.008591 0.016315 0.031949 0.004657
0.028598 0.188368 0.123388 0.189297
0.003378 0.057813 0.000953 0.031833
0.001068 0.022267 0.010838 0.004143
0.000938 0.010579 0.000243 0.015984
0.000230 0.001473 0.003699 0.000273
0.019120 0.066967 0.052012 0.004228
0.006182 0.001741 0.017907 0.000952
0.000779 0.004372 0.000038 0.018219
0.001365 0.001137 0.000143 0.000949
0.000005 0.000438 0.000829 0.000353
0.005172 0.000192 0.000432 0.000010
0.002767 0.017484 0.001473 0.000036
0.000814 0.000299 0.004803 0.001443
0.000166 0.001284 0.000000 0.028302
0.000681 0.000100 0.000100 0.031777
0.000310 0.017164 0.000396 0.003273
0.000111 0.007591 0.002228 0.001400
0.002285 0.002513 0.000671 0.004471
0.000507 0.024806 0.000620 0.000850
0.030767 0.010074 0.001748 0.080267
0.000312 0.017697 0.004816 0.007132
0.000913 0.040878 0.000472 0.016656
0.003277 0.006845 0.001987 0.015927
0.001214 0.012895 0.010140 0.101918
0.006140 0.121382 0.040055 0.265023
0.053899 0.080923 0.026695 0.029286
0.587030 0.030800 0.114816 0.245289
0.569176 0.143616 0.020342 0.112402
0.448857 0.023081 0.040078 0.026438
0.135427 0.018465 0.028813 0.040368
0.174704 0.020109 0.049755 0.034776
0.048207 0.052799 0.142845 0.026523
0.047997 0.025257 0.020721 0.074180
0.042953 0.007139 0.077238 0.021848
0.016203 0.015471 0.002984 0.022269
0.022421 0.027243 0.007472 0.013291
0.017309 0.013526 0.007491 0.011937
0.022314 0.017480 0.004572 0.096022
0.021820 0.019718 0.043512 0.034118
0.124941 0.014783 0.005237 0.060780
0.004762 0.002414 0.108700 0.134112
0.013780 0.025001 0.018982 0.004406
0.051405 0.038708 0.122513 0.046526
0.027337 0.014112 0.125522 0.056359
0.007096 0.007129 0.061231 0.015498
0.006613 0.031496 0.134104 0.044024
0.049351 0.027344 0.006477 0.018408
0.006223 0.001461 0.043200 0.027262
0.040292 0.151823 0.125135 0.036455
0.178236 0.139202 0.004743 0.003711
0.005680 0.010288 0.035222 0.013723
0.048787 0.011015 0.007766 0.004304
0.028277 0.167454 0.015613 0.022398
0.006912 0.012509 0.003491 0.010322
0.057885 0.022378 0.005571 0.007592
0.017405 0.004381 0.001075 0.003424
0.144085 0.008673 0.019297 0.092225
0.259148 0.387168 0.016659 0.097666
2.171825 0.224743 1.223866 1.269308
1.948118 1.145041 0.087729 0.068509
0.194319 1.597556 0.796417 1.462289
0.303490 0.041273 0.044125 1.710613
0.007735 0.000488 0.017801 0.016083
0.009423 0.006333 0.006714 0.088445
0.000914 0.024741 0.000082 0.003964
0.000734 0.042821 0.048799 0.009180
0.000467 0.033242 0.062906 0.019808
0.046187 0.022201 0.009453 0.062830
0.049750 0.031957 0.011239 0.073835
0.002861 0.002328 0.007931 0.014415
0.021605 0.025438 0.240792 0.224322
0.294673 0.036490 0.924241 0.037924
0.678276 0.010520 1.855555 0.170102
1.589735 1.215829 1.764975 4.642072
0.855313 0.747335 0.580656 1.325451
0.066313 0.648197 0.610682 0.704819
0.230410 0.231354 0.027645 0.113671
0.023089 0.066127 0.042797 0.100080
0.065670 0.322533 0.142359 0.019441
0.141081 0.192463 0.106049 0.064622
0.256854 0.358462 0.064057 0.381017
0.121673 0.052309 0.089226 0.174463
0.021523 0.138443 0.013242 0.129471
0.071129 0.090527 0.020106 0.018372
0.015394 0.064907 0.011081 0.009336
1.451684 1.543578 0.694786 0.038172
