1.50236875e-01 1.62849084e-01 3.95473927e-01 4.39286172e-01
 1.27675096e-02 4.61779647e-02 3.11430544e-03 1.78992620e-03
 1.44221867e-02 1.87169220e-02 3.12379649e-04 3.16435657e-03
 5.11314673e-03 1.19370339e-03 9.79480613e-03 8.82286765e-03
 2.74463836e-02 1.71193499e-02 2.27373722e-03 4.06026794e-03
 3.10599105e-03 3.79223702e-03 4.98157088e-03 2.24348865e-02
 2.18743179e-02 5.78122884e-02 3.89774106e-02 7.48714106e-03
 6.76721102e-03 7.94977471e-02 1.86319545e-01 1.77322570e-02
 1.38015086e-02 8.59072246e-03 2.85983011e-02 3.37829883e-03
 1.06818927e-03 9.37647885e-04 2.29615733e-04 1.91195849e-02
 6.18165219e-03 7.79220543e-04 1.36530318e-03 5.16000318e-06
 5.17168920e-03 2.76663713e-03 8.14470171e-04 1.65934238e-04
 6.81294478e-04 3.10281815e-04 1.11223810e-04 2.28453916e-03
 5.07104385e-04 3.07666659e-02 3.11538199e-04 9.12651361e-04
 3.27664916e-03 1.21379679e-03 6.14024978e-03 5.38991243e-02
 5.87029815e-01 5.69175541e-01 4.48856682e-01 1.35426566e-01
 1.74703583e-01 4.82067205e-02 4.79974635e-02 4.29532118e-02
 1.62031520e-02 2.24214774e-02 1.73085872e-02 2.23144628e-02
 2.18204390e-02 1.24941483e-01 4.76159668e-03 1.37795564e-02
 5.14052287e-02 2.73373723e-02 7.09645171e-03 6.61267806e-03
 4.93514761e-02 6.22320035e-03 4.02916968e-02 1.78235888e-01
 5.68027329e-03 4.87872176e-02 2.82770731e-02 6.91165309e-03
 5.78851290e-02 1.74045991e-02 1.44085482e-01 2.59147972e-01
 2.17182493e+00 1.94811785e+00 1.94319293e-01 3.03489953e-01
 7.73533015e-03 9.42338724e-03 9.14422853e-04 7.33846799e-04
 4.67413396e-04 4.61866818e-02 4.97496501e-02 2.86074937e-03
 2.16047522e-02 2.94673234e-01 6.78276062e-01 1.58973479e+00
 8.55313241e-01 6.63131624e-02 2.30409622e-01 2.30888519e-02
 6.56697229e-02 1.41081333e-01 2.56854475e-01 1.21673375e-01
 2.15229504e-02 7.11289719e-02 1.53938672e-02 1.45168376e+00
7.10044265e-01 2.51984417e-01 1.19448323e-02 3.09457188e-03
 5.71760861e-03 9.42685059e-04 1.19140401e-01 5.04428089e-01
 5.70739293e-03 6.81677740e-03 1.29483845e-02 4.18942384e-02
 3.67039442e-01 2.69104578e-02 2.44845711e-02 7.19837621e-02
 7.51659507e-03 1.01261474e-02 5.42890467e-03 9.89829376e-02
 6.63173059e-03 2.51252372e-02 1.65027324e-02 1.03332344e-02
 2.75967037e-03 1.60371393e-01 1.16465874e-01 4.33786064e-02
 3.39225456e-02 3.98772247e-02 1.30892834e-02 6.86976919e-03
 1.65056378e-01 1.63149610e-02 1.88368365e-01 5.78131899e-02
 2.22669635e-02 1.05790254e-02 1.47339446e-03 6.69672117e-02
 1.74145249e-03 4.37172502e-03 1.13748596e-03 4.37782990e-04
 1.91535306e-04 1.74841229e-02 2.98714906e-04 1.28391956e-03
 9.98297401e-05 1.71638150e-02 7.59105058e-03 2.51300680e-03
 2.48060096e-02 1.00742131e-02 1.76973101e-02 4.08776700e-02
 6.84507843e-03 1.28950290e-02 1.21381968e-01 8.09230655e-02
 3.08004301e-02 1.43616229e-01 2.30808314e-02 1.84646342e-02
 2.01094896e-02 5.27988710e-02 2.52570603e-02 7.13922363e-03
 1.54708046e-02 2.72432733e-02 1.35264629e-02 1.74804423e-02
 1.97178572e-02 1.47826476e-02 2.41421419e-03 2.50008814e-02
 3.87080051e-02 1.41122323e-02 7.12910900e-03 3.14962044e-02
 2.73435712e-02 1.46087178e-03 1.51822835e-01 1.39201567e-01
 1.02877533e-02 1.10149570e-02 1.67453825e-01 1.25086410e-02
 2.23780405e-02 4.38062986e-03 8.67307466e-03 3.87168378e-01
 2.24743307e-01 1.14504111e+00 1.59755599e+00 4.12725471e-02
 4.88250080e-04 6.33295020e-03 2.47409828e-02 4.28210273e-02
 3.32424343e-02 2.22005919e-02 3.19574736e-02 2.32827687e-03
 2.54382268e-02 3.64896134e-02 1.05200363e-02 1.21582949e+00
 7.47334719e-01 6.48197114e-01 2.31353939e-01 6.61265478e-02
 3.22532803e-01 1.92462668e-01 3.58462423e-01 5.23091964e-02
 1.38443068e-01 9.05268192e-02 6.49068281e-02 1.54357839e+00
1.19851686e-01 2.04432029e-02 6.45710602e-02 3.81936044e-01
 3.76057476e-02 1.72278881e-01 2.28041015e-03 7.94171020e-02
 1.16585158e-02 3.36494879e-03 4.77375202e-02 2.10412173e-03
 2.43575568e-03 4.87569571e-02 3.40800807e-02 1.46049727e-03
 2.25062668e-02 2.97264662e-03 5.20157767e-03 2.58949734e-02
 4.30102833e-03 1.65732543e-03 3.40568610e-02 2.67930655e-03
 1.99525263e-02 6.04905039e-02 6.47615045e-02 5.12236394e-02
 5.76786548e-02 2.98982468e-02 6.48725852e-02 1.10142808e-02
 2.01967219e-03 3.19492258e-02 1.23387672e-01 9.52725182e-04
 1.08380234e-02 2.42682218e-04 3.69903934e-03 5.20116538e-02
 1.79066695e-02 3.76827375e-05 1.43396086e-04 8.28781223e-04
 4.31751570e-04 1.47348829e-03 4.80319094e-03 0.00000000e+00
 1.00442805e-04 3.95661831e-04 2.22775829e-03 6.71134796e-04
 6.19645289e-04 1.74843566e-03 4.81629744e-03 4.72436048e-04
 1.98659068e-03 1.01401703e-02 4.00553979e-02 2.66952552e-02
 1.14815503e-01 2.03417689e-02 4.00776379e-02 2.88128983e-02
 4.97545265e-02 1.42844945e-01 2.07205545e-02 7.72382841e-02
 2.98378244e-03 7.47185387e-03 7.49067497e-03 4.57182527e-03
 4.35122773e-02 5.23677096e-03 1.08700424e-01 1.89824440e-02
 1.22513458e-01 1.25521675e-01 6.12309016e-02 1.34104431e-01
 6.47739507e-03 4.31999378e-02 1.25135481e-01 4.74315090e-03
 3.52220796e-02 7.76640093e-03 1.56134944e-02 3.49082216e-03
 5.57137514e-03 1.07498758e-03 1.92974936e-02 1.66587960e-02
 1.22386622e+00 8.77285525e-02 7.96416998e-01 4.41250093e-02
 1.78011972e-02 6.71439385e-03 8.18124099e-05 4.87988740e-02
 6.29059523e-02 9.45345499e-03 1.12385973e-02 7.93093350e-03
 2.40791604e-01 9.24240947e-01 1.85555482e+00 1.76497519e+00
 5.80655932e-01 6.10682368e-01 2.76451651e-02 4.27970923e-02
 1.42359078e-01 1.06049404e-01 6.40574768e-02 8.92258584e-02
 1.32421125e-02 2.01055855e-02 1.10809384e-02 6.94785655e-01
6.72252923e-02 4.80938591e-02 7.23329857e-02 7.48529583e-02
 1.71190575e-02 3.42383236e-03 3.39317555e-03 4.14303597e-03
 8.74922116e-05 6.25593821e-03 7.30526284e-04 9.15309880e-03
 1.11686031e-03 2.09860108e-03 8.52001831e-02 4.28358233e-03
 4.51069605e-03 9.03520733e-03 3.56740714e-03 1.60247386e-02
 4.79802256e-03 3.47925574e-02 3.56847867e-02 7.05387304e-03
 8.10564030e-03 8.53186101e-03 2.76495684e-02 5.20067336e-03
 3.23034115e-02 1.46895181e-02 2.07512319e-01 1.87973045e-02
 4.60727606e-03 4.65716328e-03 1.89296618e-01 3.18331346e-02
 4.14293353e-03 1.59836784e-02 2.73176644e-04 4.22842102e-03
 9.52221628e-04 1.82192046e-02 9.49046400e-04 3.52551986e-04
 9.59540102e-06 3.58875768e-05 1.44286291e-03 2.83015780e-02
 3.17774341e-02 3.27294436e-03 1.40017737e-03 4.47122008e-03
 8.50438955e-04 8.02666917e-02 7.13243056e-03 1.66562479e-02
 1.59273166e-02 1.01917788e-01 2.65022874e-01 2.92862523e-02
 2.45289400e-01 1.12401672e-01 2.64379196e-02 4.03676108e-02
 3.47757600e-02 2.65232567e-02 7.41802156e-02 2.18475237e-02
 2.22686138e-02 1.32905701e-02 1.19366245e-02 9.60216224e-02
 3.41178477e-02 6.07804060e-02 1.34112433e-01 4.40583657e-03
 4.65255007e-02 5.63594848e-02 1.54978754e-02 4.40242030e-02
 1.84076391e-02 2.72624400e-02 3.64552028e-02 3.71084362e-03
 1.37228565e-02 4.30442346e-03 2.23975070e-02 1.03219803e-02
 7.59233069e-03 3.42423981e-03 9.22251791e-02 9.76664051e-02
 1.26930785e+00 6.85087517e-02 1.46228898e+00 1.71061301e+00
 1.60825737e-02 8.84447470e-02 3.96351982e-03 9.18012485e-03
 1.98084954e-02 6.28299639e-02 7.38349035e-02 1.44145833e-02
 2.24321976e-01 3.79244760e-02 1.70102179e-01 4.64207220e+00
 1.32545114e+00 7.04818547e-01 1.13670893e-01 1.00079969e-01
 1.94414947e-02 6.46219254e-02 3.81017208e-01 1.74463496e-01
 1.29471466e-01 1.83715187e-02 9.33568459e-03 3.81721519e-02

