90.557582475
88.973251875
87.770203575
86.91820055000001
86.29785975
85.79922255
85.44146235
85.11658277500001
85.46882625
85.17512232499999
84.92609205000001
84.42509745000001
84.262574525
84.27533945
84.37436985
84.195210125
83.85820715
83.94973309999999
83.542294625
83.87196742500001
83.72221062499999
83.66534455
83.26395982499999
83.22031192500002
83.16624195
83.469653075
83.459208425
83.20766085000001
82.73749162499999
82.648362025
82.5147346
82.44324815
82.33877625
82.24503435000001
82.159665625
82.049466275
81.936712825
81.9934037
81.89179287500001
81.728680075
81.70317265
81.656114925
82.067622175
82.0515902
81.98431735
81.4307106
81.26700215
81.2148672
81.56115460000001
81.4966632
81.22742345
80.90391419999999
80.94761795000001
81.04667077500001
81.12507315
81.00846595
80.568107275
80.47990007499999
80.36095557499999
80.75361559999999
80.66130577499999
80.613781675
80.136043575
80.0248903
80.01209375
80.235641275
80.21318600000001
80.18022652499998
79.656282375
79.578810975
79.48115725
79.547185975
79.3943658
79.288344575
79.185232125
79.092170575
79.001670575
79.044895975
78.99375665000001
78.79673512500001
78.73755815
78.57655675000001
78.966811225
78.8935295
78.817693
78.329290625
78.182164975
78.21453039999999
78.499416125
78.40312282500001
78.202394175
77.7331592
77.503039325
77.518991175
77.7955488
77.862973825
77.79761615000001
77.15583185
77.066053725
76.78263315
77.00941287500001
77.1418308
76.9648459
76.26340155
76.18146130000001
75.86636265
76.274985775
76.2262704
75.98908002499999
75.497593825
75.531574
75.27431015
75.18511757499999
74.89954025
74.5873881
74.638564425
74.30060822499999
74.00766564999999
73.99557800000001
73.728936925
73.5902948
73.17266620000001
72.877899225
72.7002695
73.064691225
73.0270496
72.83801005000001
72.239758575
71.8799578
71.857402675
71.9651376
72.056406575
71.59531335
71.04060600000001
70.611004525
70.52491127500001
70.788856575
71.042085425
70.54315065
69.7496466
69.249962475
69.5645426
69.743015925
69.7762887
69.60670215
68.6567688
68.58068687500001
68.37817055000001
68.898003175
69.02671297500001
68.981286025
67.73831715
68.06472495
67.768224575
67.482446275
68.81768485
67.937916525
67.111730325
67.16794742500001
66.99812642500001
66.850997925
66.8851674
66.72127965
66.4098305
66.157815475
65.551438375
66.10091065
65.42182170000001
65.5931247
65.137713875
64.31895052499999
64.0981402
63.86141679999999
64.27617437500001
64.063194225
63.86177005
63.059912225000005
62.84047004999999
62.541143925
62.850574699999996
62.853220425
62.5494298
61.719090924999996
61.450865175000004
61.093477225
61.186044900000006
61.50711797499999
61.11544839999999
60.32926415000001
60.015847050000005
80.60680179930361
75.84179241744158
73.36942122769254
71.78861395411495
70.77538239902601
70.05779066579925
69.63126378936137
69.37924770162485
69.05802547602862
68.72479980134435
68.22427664639157
68.10230939788927
68.19499663910234
67.97834904394777
67.82461875689505
67.63266229755945
67.4958479885568
67.7035275676653
67.7437608286858
67.73706402944562
67.78903385972981
67.6476321825155
67.45564331171883
67.57466680301555
67.78843496034088
67.91196811182657
67.87846649968252
67.86187333216245
67.62401232947472
67.67610785280857
67.73826231140137
67.78343178309967
67.80712844078595
67.759789334774
67.59173567388845
67.50568303251792
67.54387220397842
67.49420064155258
67.39388808431413
67.23335237714338
67.06369255511167
66.98802173580599
67.09203190736565
67.08740375738998
67.16323334294214
67.0781342722681
66.93637390693767
66.81485810731672
66.8402516445468
66.82158882469176
66.78337370202286
66.70453936611803
66.43032885771964
66.46371175422459
66.58294880563203
66.57895397830758
66.56566606871922
66.4512434801027
66.38504010789237
66.36776340657129
66.569790308414
66.71743057120852
66.85660630034445
66.79531188239307
66.55623416048361
66.08732076558222
66.16121115041732
66.16454012121638
66.1474353251309
66.16374091502718
66.07892925651655
66.00300118946924
65.979864427895
66.00875066586492
65.99185616921433
65.97095531862045
65.76276699469362
65.67761292241524
65.77772083397545
65.78706630274563
65.86523606202552
65.88971295344997
65.56125913524838
65.67020064893619
65.74287961831102
65.83049179402772
65.92311323054003
66.04346915898643
65.65581155633818
65.26598586561097
65.22112134140545
65.17155810143261
65.1582138478755
65.18819726776123
65.0047404607551
64.95812661627774
64.97734927317514
65.00255054530774
64.98822684159381
64.99931015684129
64.91742202017569
64.88268974345736
64.97392272583538
64.8786652401649
64.87586460844045
64.8459958688238
64.81297269657988
64.788871852416
64.83901670235213
64.80499385114989
64.7261112814638
64.7152443193309
64.69370741441519
64.72092856065117
64.774658267942
64.791692097382
64.70846934372157
64.70483805671165
64.63991005986534
64.48857904446808
64.51518019834623
64.45023185198899
64.39410360250261
64.40356588697422
64.34340222823468
64.2107686885696
64.24822015205068
64.13854646103331
64.16853792844567
64.27646156727364
64.16927191925045
64.05906002878608
63.95795025925742
63.90863199237933
63.98995006383464
63.94579386181185
63.945154172192595
63.77990453338735
63.71105491374768
63.7591309543747
63.80296287462131
63.761188621397025
63.75513915679398
63.6556435143936
63.64969985614355
63.548090803822376
63.5239902600638
63.503305126955226
63.47081751105622
63.359746278931354
63.307756720318295
63.35414086943627
63.33133889264848
63.34312301286062
63.414529227445506
63.305522180201265
63.162032842182526
63.142930645185025
63.15534189905805
63.17763224620182
63.233607559230634
63.0613959829056
62.98909752163148
63.01065479885837
62.998610041879
62.95444037062433
63.005096970498876
62.99639663258449
63.1933832020845
63.2386811397034
63.11426643544304
63.142802359045824
63.086172773227645
62.91844567083675
62.41768608156095
62.529360980258495
62.15505463953862
62.15753868691335
62.2099072052669
62.20646099655277
89.09367972345046
86.41219360129664
84.6259401392862
83.44581074612944
82.41786931110164
81.84067291406845
81.45514517665873
81.03574166337445
80.5845457330842
80.32875239342899
80.02419608085945
79.68041923803327
79.38223826788585
79.26509163577926
79.2029298829131
78.91380016897298
78.63563521328503
78.40581732824423
78.23546547630738
78.1213217919158
78.0320586841032
77.8347076365302
77.61593759612288
77.55637170587437
77.54765506456903
77.4191669084136
77.22557032149086
77.0604835459624
77.02830102113195
76.9226587015099
76.81434133747427
76.837604847481
76.58372355722747
76.43910939053436
76.4231121963744
76.36912027151219
76.3054970727009
76.21471997555193
75.98164494515005
75.96623644356633
75.91452278463048
75.8750372484705
75.72222112966121
75.75123206685818
75.57712841538951
75.6085268195958
75.49720447293599
75.52906974245171
75.40575782210229
75.39723751982052
75.26481180622207
75.163291782892
75.05377016518379
75.02259351470946
74.97627052734065
74.9102399113083
74.77605129624048
74.63505794507348
74.62617487595342
74.5790785508981
74.50177679247115
74.51575250956844
74.39004520355107
74.2593156704024
74.15657810511172
74.05129583473216
74.21262118442546
74.16887533540499
74.19639570229532
74.05982182238905
74.00527475356633
73.95815066503843
73.97016133344333
73.89524704525844
73.79662135750566
73.76283322424679
73.79253072765557
73.87688745136055
73.78008174576757
73.61437901044943
73.5639726795345
73.45981748198935
73.4267854898442
73.3490147292477
73.482513473782
73.37021063489058
73.25563128643672
72.78792217087855
72.7334956209702
72.71452638651105
72.75516846524137
72.7972485404174
72.85832069370065
72.57298574434492
72.4813620302613
72.49972076731055
72.43594300476505
72.58671296449445
72.45760478139557
72.29616536305113
72.18684730161567
72.33192527172828
72.2776370579931
72.29602429882375
72.40905445396632
72.28337457119409
72.3033174790212
72.30622993501463
72.47096263416185
72.17879149851788
71.89706905904984
71.74844577789727
71.6139062676759
71.55659302408432
71.65113367503587
71.85133645098152
71.63705780850518
71.5413905175982
71.4297851410442
71.38032209278956
71.54535994859492
71.56654008973014
71.46529999511093
71.26265586561837
71.25849199701305
71.21685111868865
71.29883956322247
71.45600653603455
71.45398214667546
71.28324822866537
71.25715429184065
71.27003358614817
71.20450031147543
71.21100994690892
71.18064076817302
71.07159531866387
71.04215873103146
71.00762024910188
70.92672043813063
71.03026479503318
70.91819558161639
70.87199763173108
70.82109161765102
70.80826946043128
70.78376883014897
70.84663768477657
70.77282001644562
70.62841390606343
70.58737560015143
70.6084099989849
70.58673298713687
70.56531609634501
70.48144679152918
70.4301120205286
70.27775578422862
70.28794966868716
70.3282881906149
70.49188986995267
70.4609342737505
70.29373102498269
70.33165242873196
70.07262081676268
70.06666548190972
70.0787113009855
70.16077145551152
69.99267267287455
69.89429106720293
69.80556451801301
69.79094790253751
69.880646285252
69.85458511112745
69.67572148840794
69.56722627507102
69.46320430534578
69.38527915630135
69.74997416958593
69.65989460705865
69.4516588207848
69.43720487426128
69.34521422383956
69.31869033868037
69.51148300786333
69.49895775963573
69.3208283841399
69.19334421863547
69.1705917123869
69.2570694787332
69.55695959359582
69.64985097716556
69.50029534103079
69.38150589469589
69.38014749903776
69.28892960189626
69.4977331151751
69.46919423556753
68.89671372561558
68.75336142539132
68.46759966943966
68.23929346769228
68.6653759196599
68.73060026536531
85.58380123374491
83.32008757771797
81.8182805698268
80.77918630013994
80.55303089727931
80.1739983115642
79.4729127279705
79.02176740677088
78.5880053584777
78.4131534358798
78.7306613251909
78.61928197400405
78.27384777093887
78.07022454930838
77.96769656061375
77.95271854149391
78.3644992697322
78.1928183324835
77.83008085033727
77.60916809352882
77.69317587285357
78.04830333654185
78.21751921393287
77.92274308713478
77.7538174451945
77.53657302335199
77.56161257954163
77.77337669857877
77.54656813177945
77.08772236934875
76.65872377374868
76.27642410919933
76.71077734608332
76.9725493319914
90.69124627353659
88.77074858211408
87.2090394620462
85.96006877214337
85.1475274462372
84.13513770858233
83.6416148060672
83.15022227420178
83.31420182420504
83.15141075473569
82.8039122907257
82.01895867834199
81.72469228939703
81.49708416680551
81.87136589628005
81.66930731070308
81.16391223046737
80.69270727616849
80.46823708989044
80.5256125597193
80.6733526610523
80.59572926127125
79.92598468980047
79.82311540911981
79.65895949752178
80.11219804535557
79.9778441278372
79.88554888159655
79.16882957339922
79.00842838614473
78.93288594862395
78.94869258074337
78.68880478106493
78.59067098875153
78.32859914607788
78.21471534308533
78.14493720367113
78.11786274085247
78.10118388473725
77.93263401799737
77.85194960422398
77.65046069661673
77.70215050370423
78.33948969817165
78.1516182305823
78.15056856226603
77.31549845056647
77.11177714825965
77.01624504826438
77.65155108633785
77.51239257296673
77.38677751927587
76.79969180860613
76.51356503467454
76.38733579114285
77.05062492334893
76.76902542988981
76.7465772128179
76.002390487335
75.90361708118658
75.79614724564763
76.39525057442971
76.26169536185053
76.1909639706188
75.34750197038753
75.1949384038905
75.10115818532846
75.56819594887303
75.49969794177805
75.5403951644993
74.89774344007387
74.7144609836864
74.80018654895566
74.5118700874732
74.45392434448148
74.28945616058893
74.09166718685249
73.98946340691262
73.89730595537934
73.97031107329268
73.9328437041632
73.98631095866305
73.4810772212994
73.4040986653572
73.49267662898272
73.79836399074972
73.78642241683325
73.8092238171407
72.96425033614908
72.85696204964421
72.856756689184
73.53244950398022
73.78801471445715
73.31846427428566
72.78626892317142
72.68681263905316
72.59944718905447
73.47099915681204
73.21188807443303
73.04482728763155
72.53885451127059
72.49004613650423
72.29566312379308
72.56582796408864
72.62174602997253
72.48375612890668
71.71099363430551
71.54104718943285
71.34860248935068
72.29056700241505
71.94594011362916
71.89849326764633
71.5223417378829
71.05424869123998
70.84208957104894
70.74251595500948
70.7097982119263
70.5805035454114
70.7489837459384
70.29885488953266
70.47078103047792
70.05962961332102
70.03692455967703
70.09621294292877
69.83906098319055
69.87316077617429
69.86694977062855
70.32408232435017
70.51132209439052
70.48807205728522
70.55561899529981
69.73595155022515
69.6262105845251
69.42642838691293
70.38078675938182
70.22398008250248
70.12524418088282
69.46165446200679
69.1764452479924
69.10386258038727
69.930645104047
70.12301099122263
69.64088385908134
69.08108040501799
68.5576563242244
68.6016661538612
69.01124625712073
69.17777379751213
68.85717619985903
67.83791349566035
67.74696965681393
67.5664295547592
68.17279094577475
68.82494210199577
68.33190167770603
67.38424728242872
68.16533946357394
67.22810322859966
67.14361203021694
68.46956823032808
68.46199639215355
67.33721890710822
66.89230338685033
66.80797799941902
66.6375737297259
66.709100989719
66.59391090304155
66.42803291932428
66.08179961453226
65.64918869089344
65.21118849136357
65.8006216312557
65.82130010204106
65.5633825160694
64.56716843840489
64.37361361557963
64.14051822900558
64.64008691746072
64.59491673670985
64.44292092440287
63.59108887277169
63.27352542288892
62.94826552468202
62.79177807123391
63.47248832711638
63.022172885795044
62.95741846394215
61.78716088485927
61.412781823790795
60.996820020838804
61.66133659322423
61.48046548608993
60.97898192505418
84.48986473022883
81.46145221073469
79.6792431263458
78.62401194556224
77.90582883866945
77.28603734395035
76.83338741808583
76.34960245076286
75.90024566339387
75.64985552570124
75.57694537064863
75.33322564807155
75.21419322770113
74.94081386280274
74.76736978987158
74.73221654353455
74.75262307779413
74.35978150209952
74.27506521057124
74.2317529793284
74.01291407812116
73.92658951235977
73.91371049695434
73.74082688055043
73.62469758923001
73.56241836314213
73.58394056148742
73.63647391546148
73.70756187606915
73.5795586015075
73.33518534962226
73.15649794111148
73.04474642957256
73.1243035141096
73.135653651922
73.00466315915533
72.82282965030042
72.7068655798106
72.7326266359149
72.95066149550125
72.86967159722327
72.8725222246816
72.71303193834846
72.68502654624622
72.74817630703289
72.80532716396645
72.81748694094658
72.56407116136768
72.25295024371461
72.2515010035166
72.18966818712768
72.29296535459308
72.34630300065147
72.23820065565745
72.02972429652745
72.03763890657737
72.03705036653628
72.16101312787269
72.05505210778765
71.97803485500862
71.84957442992223
71.77146753371233
71.61750042403649
71.93710439718463
71.89929318008227
71.844968867177
71.66710756908317
71.60348937191537
71.60396826756165
71.72407688820945
71.7258637789863
71.61501421669317
71.4848798308977
71.28037974899505
71.2258376740604
71.23748686083479
71.19133206600723
71.08967344730792
71.0278288166153
70.9568250654518
70.88695133682133
70.83113694380867
70.78422087239362
70.69802342963636
70.6173240799861
70.5098615567176
70.44919500851748
70.39670315729248
70.23616400119782
70.13558301914422
69.9397523975967
69.83686034486243
69.7829996126005
69.59984040657773
69.51278950659552
69.26339588947403
69.07957148570593
68.91487361865035
68.78218715467982
68.59052561041193
68.47135235937445
68.3256706038581
68.06154918634627
67.87587864786367
67.7939685207461
67.7354776659288
67.46309414972936
67.26472582483088
67.0451160267406
66.83416434986222
66.63583726193541
66.75868192403047
66.54964247180828
66.47466989401492
66.23638443282333
66.11773101271841
65.99075644495232
65.87359471752589
65.96463409897595
65.72237933348345
65.57233998076121
65.29532825731278
65.20603068210498
65.08158937768094
65.10849982591635
64.91896778309606
64.789340045326
64.65144514472757
64.51260107108541
64.38646165506053
64.41430532063916
64.38323927255195
63.8463636445002
63.61136012283837
63.53205484307926
63.4426696327804
63.47703166654808
63.27674503432708
62.964910974481484
62.649527223249024
62.48421601246194
62.25506591565557
62.2487474966261
62.14302111809737
61.961907369194044
61.65379288410725
61.402978823674445
61.21885438101775
61.3117231765186
61.268857809305274
61.19239564630927
60.75686049556728
60.64431659264883
60.226264254743825
60.4917351661195
60.239193312496575
83.26355597894558
79.6774915604931
77.60672924822595
76.2972203654861
75.3363818594339
74.56107889037978
74.1921139102152
73.8066215267892
73.45964096836816
72.9981428394742
72.47956910597807
72.17678931789405
71.8909658157847
71.69751180365247
71.47739751071508
71.10902114204404
70.89579923912257
70.76574902983769
70.68527684222336
70.55793831220842
70.41683595225432
70.16955535091083
69.83063739045046
69.6908637654856
69.40996087386662
69.16438967935767
68.90126863818062
68.6336828432465
68.32121207590941
68.20173365130742
68.12157046529241
67.97418034733452
67.89229946776088
67.7078805992264
67.48981613554312
67.35927241252575
67.4318619440036
67.3798498792034
67.29795362438422
67.01578160766715
66.8880416324711
66.77573804127796
66.81301642995842
66.79311749595122
66.83732722726617
66.6959955453873
66.4863431966686
66.30785689359014
66.27070971419022
66.2833820125749
66.27289308197119
66.25919731250637
65.9561677291192
65.89320618566512
65.8665343575817
65.88616651196158
65.83923642503312
65.73349673492864
65.54224867693364
65.55329680441757
65.61494996956385
65.58245453129452
65.59743351996852
65.61650905063516
65.33945269143948
64.8870145904298
64.89559627193138
64.86510894680018
64.79490059894346
64.848045947184
64.72620359709953
64.61372115652611
64.51110799424278
64.47417036655003
64.43921152071319
64.39629147055734
64.19755829687121
64.08998648769693
63.97783055910735
63.93427348984402
63.86644664972747
63.932416902902425
63.71344408534142
63.73584804940224
63.76312944726305
63.61365225216436
63.537153047115645
63.5978572285324
63.29126504917247
62.574860768037425
61.91122068215999
61.2867918541083
60.724150043345524
78.76202310627077
75.42878573401455
73.61187925183398
72.54090602582187
71.8819216382811
71.183967604936
70.8569596476512
70.34731006579817
69.90379592868918
69.47116803699917
69.36104608840093
69.11147382206914
68.6593978108565
68.17425432645595
68.08348598196028
67.85407568405574
67.98203430158497
67.96348152520495
67.8157083552445
67.3837000378216
67.35830406254767
67.30855388735237
67.32082228125248
67.45383405368159
67.45255009291971
67.39751458718612
67.07646360680152
66.99566243010511
67.44823504698638
67.06885104802348
66.33059629269705
65.33207866005155
64.86133225089488
64.46304724922187
64.59740098237894
64.5689658817259
98.82983572929484
97.78534275907941
96.93960410006521
96.18335187291468
95.75963234107971
95.3045072816647
95.03819979930036
94.53398798082135
94.46445181742986
94.23721419901521
93.91840871709836
93.61534079528285
93.34127333419377
93.36078891587259
93.18734739155641
93.2759658788649
92.78292277469531
92.45902334243137
92.3108075859387
92.27364258826887
92.1730546565057
91.91631279829753
91.65030200019648
91.40669853780963
91.43925143744995
91.17335645831
91.31159080843393
90.93776917348634
90.65354317955435
90.48516764773584
90.36169206317369
90.06746486396574
90.15544560571041
89.92536491858367
89.69206354053917
89.54121003881232
89.41089438810985
89.24211355078185
89.07423998665186
88.85273283697231
88.70172690962038
88.74004018227046
88.60712744729152
88.4340327379609
88.05390454190997
87.8734306135253
87.76812127881371
87.76815094658454
87.65389682748336
87.44851705864895
87.20836200062439
87.04074695565754
87.07766020143957
86.94054765589601
86.80897460420492
86.53682093337694
86.35693082776814
86.21276237555409
86.24884979670094
86.1534959203827
86.0293679134115
85.780230848608
85.63739500894113
85.49855564597564
85.52870627581702
85.4272953455628
85.29131573501363
85.01915769671527
84.91264997772214
84.75547716564715
84.68921374078559
84.57599092821442
84.44299676542917
84.31100724144409
84.17828640383516
84.04722182174581
84.02380900338585
83.88022391824288
83.70624992356849
83.55782616909023
83.42868144004389
83.4940543028049
83.45088642786888
83.32454556601525
83.04590610509122
82.90920652142746
82.7556075170634
82.79653794972
82.73066564672484
82.62274407833105
82.37360794074702
82.2309134320619
82.10795144642725
82.18520571679122
82.09748531704999
81.96967576616811
81.66249937641892
81.50564928271713
81.38878194725464
81.43374624100798
81.39078227302328
81.1897381513489
80.92509668638445
80.8211270125262
80.80674552538666
80.78007159083883
80.68322601247793
80.47295479746491
80.20988299018009
80.06413673874538
79.95593610984497
79.85231111680552
79.75642882160614
79.59043412620869
79.50538909983325
79.3745062057856
79.25347078644117
79.25210237547142
79.16259359045348
79.00875421992717
78.91286756818567
78.75796677190675
78.87157841580284
78.82039274659166
78.78147389611667
78.54091947641055
78.35792528261503
78.2543705723265
78.34980620609288
78.35353653718528
78.25310270564499
78.02371661006617
77.85310974839308
77.71643280707148
77.81624895893519
77.82153985736215
77.77294778922285
77.5296180889586
77.33014358303707
77.20352621703476
77.3019943707784
77.28280393259682
77.2780293478722
77.03913972294181
76.8472108322631
76.71810187858156
76.81262012233627
76.83248439368573
76.84000924703079
76.63184085565791
76.4181610820368
76.29945384223298
76.18974852341329
76.36381192636398
76.28497934261743
75.99912763801893
75.86923601057163
75.73022914519744
75.58439849931516
75.57819513569825
75.47760071199309
75.30949647264904
75.1595123500274
75.03431920813452
75.17322685726798
75.1179166478252
75.08097541919597
74.9928696636179
74.7101623501015
74.55421863892234
74.45675732557191
74.57458002423283
74.50520948960943
74.43276612217795
74.1382293928793
74.01106198924492
73.86690541362432
74.02379297529637
74.03479444784168
73.95369815831717
73.60815163446112
73.44452212248592
73.28581235679202
73.4125681389916
73.43763053135875
73.36463770620034
73.06551367071785
72.92521673419847
72.81950151529311
72.9091074806913
72.8543671735519
72.81548059342164
72.55984814958245
72.38402530050065
72.2527414295981
72.17702491161027
72.09886033275606
72.06121049225598
71.90957041749313
71.77571644238687
71.62950691948048
71.4973696182824
71.45970319867453
71.42306503184209
71.30102510857263
71.19124051922583
71.11659133440112
71.03514401658703
71.21757973935448
71.22112354461363
71.1819503341464
70.8446559761408
70.70105069395395
70.58287090103163
70.7048257072215
70.63674511765687
70.6067002212492
70.36375789654618
70.29279851165555
70.14035124501868
70.22830143632255
70.18584760272762
70.13692805441634
69.97113608725337
69.76576957222724
69.65033366376865
69.51365840682885
69.65667235539122
69.63277745617552
69.53293936391297
69.18901057631075
69.06751911092655
68.92587626721706
69.06879213708342
69.02051936112514
69.04548653969663
68.6758620946768
68.49519082046724
68.36402908927501
68.26944520138107
68.30955697162207
68.29839949967072
68.05214334964225
67.8937328561688
67.75154974604926
67.60831517557453
67.59367344182763
67.54014532661112
67.35240221032993
67.21546597649257
67.0242990062449
67.00108242256375
67.08417604806367
67.04433004917995
66.89822166267612
66.54885546303639
66.46222311746273
66.25978428089564
66.37992019492465
66.32812458215815
66.22953239132879
65.98273935799168
65.76994722907378
65.60546513601403
65.5757864139408
65.57971654622817
65.42483844172698
65.27086935287166
64.88932652031998
64.74275368986225
64.53952425795538
64.6677698351436
64.50653787316638
64.33002927855593
64.09173581840622
63.83570759179855
63.590311553698655
63.630663763794324
63.399259703194346
63.258730452919096
63.012534394176335
62.79739618868305
62.57375477334983
62.2981071568257
62.30694512267543
62.078809976817226
61.77314062400395
61.44691602673007
61.194830371048205
60.87272539896662
60.70879413623492
60.58643096474443
60.38204661270568
60.00628907915531
99.35402868925082
97.93448821939373
96.63820996862637
95.56517799821863
94.67863146273491
93.98129858779798
93.40476860603137
92.99967360921221
92.9763164505643
92.69348535654804
92.20921121332488
91.7933939750175
91.49944920355266
91.66547317366923
91.5271602883189
91.36595250784985
90.84381544472693
90.56158773515399
90.58644673760631
90.67567771485668
90.60103698043093
90.26660599030605
89.95531305544218
89.78229484965019
90.07690240621875
90.01861747739464
89.96080027929749
89.52911532090721
89.3192149557378
89.13551009324699
89.05303851050702
88.93205815278043
88.79173587495902
88.66874163745028
88.54860278635871
88.44144962046533
88.57080908906825
88.4594639975262
88.2794633906714
88.19199154650663
88.27536729512538
88.51739975558918
88.52256027334221
88.42368044907569
87.95130590523719
87.79891399417889
87.98648552741595
87.99246094653968
87.97745159362054
87.56960878869393
87.33624760232928
87.18914049919458
87.44306537178889
87.4328428240331
87.34610065287173
86.88717566412907
86.70875612423792
86.61319944274393
86.9675261621316
86.9405802949087
86.71924077320521
86.39258388984267
86.24912750939461
86.54913118475194
86.52551794023094
86.4916646231238
86.16441609565632
86.00973200311138
85.86616460028861
85.82595605936699
85.81590623232829
85.74185578643265
85.52766995131603
85.44279566756563
85.30689517164862
85.45019588217097
85.40283332113904
85.18432935717678
85.01591993752695
84.85068368139905
85.16772551888785
85.16459101694622
85.10712833342977
84.73461094935197
84.57469474955239
84.46635969284699
84.80647008842143
84.90614803825895
84.79648737255945
84.39375845119284
84.19977928871363
84.087222663836
84.4708129563587
84.41961875178971
84.2488585781912
83.75500227033206
83.64484005123559
83.784430784216
83.83800194792116
83.831836254867
83.44067131658439
83.15171097378314
82.93344346534836
83.3036079020226
83.27807400050901
83.26297144216961
82.77500540598673
82.61720499389753
82.44561712173135
82.33491337461689
82.24717915020312
82.13266657863292
82.0175872451168
81.833634760918
81.70335078589662
81.7216214262125
81.80113925999437
81.62114257960624
81.47413513841838
81.30753055307495
81.66555764662432
81.74713301058026
81.83071907282405
81.6089311236255
81.15380391332107
80.97871371424142
81.29792046128476
81.45591812628112
81.4184447781319
81.04080801234336
80.70451679162669
80.49043663942548
80.88533348778833
81.00902169066325
81.03160973765686
80.49826810703813
80.28637865801288
80.11703456759022
80.56506325363586
80.89254169919128
80.70611514905617
80.12228701561504
79.9026948077817
79.77805047787467
80.26646943772857
80.422254253878
80.39337642148338
79.8139080406062
79.68003903728065
79.56889461114045
79.695618503739
79.98977065328815
79.61188529703989
79.2966856114281
79.11302838661621
78.87643977938862
79.02383489335692
78.9697947279846
78.69922242742953
78.44887542950735
78.28287482382042
78.70887527885219
78.72205104626656
78.86585321567435
78.65275487209315
78.18701274330773
78.0068815276167
78.11887536588465
78.3772969777266
78.33005632452645
78.15169453885183
77.69418558070707
77.64202826365047
77.74446176873727
78.08818372231376
78.0739450555758
77.71283829761076
77.31210752361187
77.09402820590661
77.3128422421423
77.61324201741948
77.58056629743052
77.25781155211237
76.87986981286463
76.69849684937795
76.96861598527487
77.04545048241827
77.05541174837968
76.70523369514677
76.37252757199707
76.1638823859427
76.0046422623741
76.06403452119721
76.05951137110927
75.74448954595255
75.5409272246043
75.34928197787171
75.20386457293921
75.32473217225932
75.2764183298355
75.09438528068323
74.93790602968542
74.82240854052546
75.31657721404272
75.58500256235344
75.58672804659207
75.3620514655547
74.895466785326
74.72983813552445
74.87406275346873
75.08143266530898
75.09472866796388
74.9008520049265
74.51836841308273
74.37487789625062
74.3426029288069
74.6930874189453
74.78872037807362
74.79252178027258
74.37721453310544
74.16353043635375
74.0424260911825
74.44062993216305
74.47905626599838
74.47351476944507
73.81152460108638
73.6285566367256
73.49587334284892
73.98413939820182
74.05821620258537
74.05049332086563
73.4886715808031
73.30537749261845
73.07682683194265
73.14344267726376
73.33901377109527
73.2483796198845
72.9573178532728
72.71891575207611
72.63157484565627
72.51119899862722
72.71872340373136
72.66181229981743
72.35098818697192
72.15297310532787
71.94366009201796
72.47444555361643
72.65253568527534
72.55287475014782
72.1305589998934
71.94232969152128
71.77602390657844
72.1419064440897
72.16187095333402
72.1590727903737
71.8729896559874
71.5959065448994
71.47894543225823
71.62725711880165
71.87777221717617
71.85879819106518
71.52999262884252
71.096865581133
70.94066864148772
70.76566636688977
71.339534306683
71.15335865694678
71.22458341588442
70.8302337119473
70.62756081919571
70.35870070373001
70.92969537826328
70.79434771524535
70.7131184120188
70.3914474006006
70.1917462102339
70.08872556256496
70.04783413794306
70.2316771250048
70.17761345605219
69.81264504451008
69.64175165744138
69.48456594912214
69.3023874180741
69.54204879364765
69.59981016392605
69.2563716638756
68.95984884789893
68.75400607489685
69.35732457337814
69.5835302672831
69.56954558162695
69.35357662893715
68.92542427242286
68.81463372406648
68.8967049128406
68.99062363426958
68.85750520451018
69.19129071287993
68.51042023717879
68.34377415666798
68.1322669095992
68.68317200953899
68.67963340596415
68.33211368834503
67.90997090645577
67.84286972650318
67.62517842743036
68.11989437971219
68.00500498407254
68.06045217358286
67.70264092960574
67.48140469214128
67.34265722097186
67.64118799694702
67.80403901218631
67.80951939244375
104.67665787571583
103.8227315568427
103.34917934788612
102.95260189483018
102.5646468785572
102.24850516764752
101.98757615811869
101.86095559243414
101.71211358765188
101.50032626510111
101.26129205254628
101.08423107246087
101.01156838468017
100.86622393630675
100.74699349935636
100.49427442868762
100.32952257452115
100.26432479104763
100.21327519592857
100.07942347968435
99.74656887621443
99.5966390689012
99.63598405945447
99.64546622616987
99.53274434777776
99.38233292566937
99.22384509055158
99.10515236907325
99.06360410199255
98.8940176725781
98.76240298807247
98.75475291734374
98.69697636397801
98.63264039285781
98.58237306064915
98.42529040114846
98.37955641130863
98.28608687773516
98.34249838755105
98.22576717585252
98.08495204497966
97.91939279513372
97.75548029626407
97.7351667712773
97.63932948811429
97.59605669906858
97.52948340766598
97.45420612462044
97.37167096735631
97.28007359389925
97.17307254977128
96.99087700113722
96.9753053709612
96.87182452792396
96.85507450812437
96.78332021047706
96.7005581267814
96.56703061286198
96.51709038320325
96.49377001288953
96.49799426617734
96.44598485365566
96.26039225026031
96.17786617638583
96.1324432596979
96.12897836336865
95.96328071261921
95.79541549688113
95.70189487610291
95.64810683795089
95.67200546596644
95.61328803624173
95.48825368529754
95.37052013652062
95.27197463477425
95.30389893511246
95.26320781812551
95.20395615867615
95.06946924601012
94.93944097694695
94.95993359637576
95.03374822576515
94.90635498903283
94.7434065191555
94.59994859482875
94.5297989744048
94.58187205479938
94.54317971017645
94.45656779594202
94.2187946164016
94.14060538317231
94.12665029941998
94.01561317565805
93.95769484472802
93.72121603436054
93.62185279617631
93.51964029203087
93.5889161094901
93.52638425812829
93.37663763066392
93.2201604173479
93.07710010504194
93.00402513476375
92.96865078862074
92.8575729292107
92.72934222315034
92.6264008213107
92.76459447043935
92.5797023530845
92.53620646351729
92.34386522357943
92.25117772173972
92.1137247718675
92.15474743675131
92.08212813726115
92.03124267925787
91.8018323797914
91.6517124490927
91.518449979336
91.56640211825582
91.50979846121899
91.3087054952792
91.11167472026602
90.95087112052495
90.99485358341121
91.03877068861428
90.93205199172543
90.70952916424007
90.57589374740071
90.46637476696334
90.50577373483877
90.54754492973011
90.34168646180548
90.18770850711616
90.04068404891675
90.13167295097577
90.13717330170303
90.08445497086625
89.90135804666615
89.8066871235922
89.69478216194997
89.72791293446338
89.66819529555939
89.47066386755755
89.34562069387745
89.2039423746607
89.06453655127302
89.08169701116145
88.97937855414492
88.81501146532047
88.70397687745944
88.58621554374601
88.63101544384531
88.65773112133532
88.54121053983795
88.31811667313467
88.2165996005142
88.255548607858
88.2238669987752
88.17730151762534
88.01846594577995
87.90399107776119
87.79722588150874
87.84009068186128
87.87445602451737
87.73269206706367
87.53762381172385
87.4194993024232
87.31309611143004
87.4346620965162
87.4012176855141
87.25266897066435
87.11800538239916
87.00684523491971
87.01070229169308
87.01137607372812
86.92562148034509
86.77899013730259
86.6378435803032
86.52552797918757
86.43371393389813
86.41984925737279
86.29355473744498
86.16949528992008
86.0711721882661
85.9373020145352
85.91908483392817
85.83918191726457
85.74504459333635
85.64190148278557
85.54091586516483
85.61742797373778
85.67660619048114
85.56710097523782
85.37314733465607
85.24125506553541
85.12793556009292
85.20398384322172
85.16756536805907
85.08369849098109
84.89427162109375
84.81810082315326
84.6922124884489
84.79249862038408
84.75987429870293
84.63732637458699
84.48490497518003
84.34567951360391
84.35577131857566
84.32460082802666
84.28830412024608
84.13378308441276
84.02669551223333
83.93070995930883
83.94767872571525
83.93037189022168
83.89067373065406
83.66542813951486
83.55345940143796
83.43022443947902
83.42818191706961
83.42208084747725
83.2816932678954
83.1248587557274
82.98992833489743
82.88298313673967
82.88209378631487
82.86204728126634
82.73141179356472
82.53758183197553
82.41420672101745
82.44840353888193
82.49665465313379
82.43613240940203
82.24062032497199
82.08663195364319
81.96740557987621
82.00634584541318
81.99875717680396
81.95615999693246
81.76936967278594
81.67401865714605
81.55652559535139
81.65686433347281
81.56189559833422
81.48725475293816
81.27609208108483
81.11911428179738
81.015649137887
81.16861135724598
81.03815149629166
81.00601605116526
80.83429953895151
80.67436732895317
80.61892382486128
80.68104701421535
80.60810653069501
80.49392959685959
80.4809202651331
80.34056936438884
80.29082267245282
80.29432181082832
80.22773998366034
80.09692282708276
80.10954508552761
79.8977809654342
79.80452837125893
79.81937065621472
79.79560277230895
79.52508269552543
79.38152352868816
79.25744978156295
79.35040717435098
79.34963013215179
79.252585563061
79.0053309680251
78.91044251681637
78.75255645985612
79.0219950691669
78.87018041279374
78.7921141995504
78.718836759528
78.48503889956152
78.3885644934219
78.48168271764223
78.42179405120964
78.28066696813998
78.16356252012032
77.96714617265376
77.89094723268293
77.96275141515517
77.93672016537563
77.86214243417416
77.63020097424184
77.4931476197646
77.54528638691689
77.45329251447038
77.30374846471257
102.32759275152831
101.80028895546714
101.03330328260415
100.65781979325416
100.34524458481148
100.11036049091975
99.91325165573006
99.75183418332738
99.7113866376835
99.47463999844443
99.25781852747173
99.10663661412457
98.97082280861233
98.91484538214796
98.78514997641673
98.63203514393298
98.4781184210705
98.33822676532968
98.29050580716248
98.19338218922498
98.10921499280396
97.92900434408934
97.81435580742087
97.76413628262623
97.6681538814533
97.58024231834096
97.47477604779766
97.35373098812856
97.25983318931061
97.13889677518637
97.02770585794423
96.90138418002225
96.80215528031336
96.68909789016185
96.59027942758786
96.53930460885144
96.42285382674238
96.29691922961132
96.20268394457622
96.17045865197079
96.06990598524513
96.0034116418489
95.84590277185212
95.71887903164654
95.62107477118278
95.5578594165526
95.4824053846624
95.39416770617099
95.23575492010347
95.1253825732295
95.04145422196724
94.97250981284043
94.887353527212
94.71580152107757
94.59875137344905
94.48946506730313
94.4704386840748
94.38072256785068
94.28361279723818
94.12107864569883
94.00977176422435
93.94803975657136
93.88411916472327
93.79103238321838
93.66155182769769
93.5420782410325
93.4528093728553
93.3608738659722
93.27632437207421
93.18413427348762
93.07165994149746
92.9541223237387
92.86783002527234
92.83168682354825
92.718469642977
92.58419769831028
92.47698852644193
92.35767885220743
92.29468513823414
92.23984015133426
92.16046231959871
92.00439516240564
91.90729049758491
91.78615764230938
91.77145410875414
91.6952514768157
91.60955718545388
91.45126907632822
91.35737304395975
91.3348516171424
91.24552922424837
91.16605090030457
90.96983644926596
90.85041768438231
90.75215566555343
90.7290849884435
90.63302964899057
90.55149266512673
90.3877254434468
90.28194432914731
90.26117010106296
90.18328970361486
90.1291651100614
89.98084993658915
89.84001727129522
89.77119869571044
89.98916034846403
89.5767441599759
89.49221230379851
89.36120228379976
89.3058938415728
89.2024084428988
89.06786533559682
89.05323072045319
88.93463198047749
88.80753646119436
88.74456298832158
88.67728125732658
88.60253860056986
88.59020437445236
88.47744651854813
88.45865226439258
88.26123598672326
88.29051100302507
88.22277477801335
88.16048973837113
88.0507168424066
88.00466283161697
87.9046220620063
87.88718913685045
87.88400859540835
87.78969829784067
87.63530020387455
87.55707633449661
87.52956920084299
87.4990401895024
87.4464543457318
87.30974292255617
87.17406304226148
87.09026042607846
87.10345615872063
87.0478516710409
87.00898983681891
86.86592715347068
86.76314847240245
86.67398493931238
86.59649029858372
86.60438890671722
86.48802344976531
86.37107626372436
86.26876099779976
86.15752674280573
86.11555663676278
86.04919368576891
85.92052368170651
85.80016026851763
85.70475358743667
85.69993703194291
85.66189542639403
85.59190027428947
85.46437081623598
85.36345317616251
85.26275565681894
85.27099450141182
85.17394227664622
85.12199917645135
84.9858833743849
84.88490126005814
84.78493627036737
84.76820782178764
84.7690545101399
84.65099476762974
84.51170736015416
84.4141902861066
84.28719128597886
84.31020593927597
84.290321685507
84.18750502217385
84.0210193931358
83.91985841431101
83.84571167493306
83.82356718953461
83.79431745132648
83.7077636208557
83.54284125533422
83.4449630185244
83.37350080222335
83.32959569821158
83.26435295405187
83.12747294257082
83.05658341114034
83.00478686444596
82.92256332512643
82.90590931874068
82.84307778974014
82.7543043939993
82.68186031626477
82.60306794484562
82.61619538925173
82.61864115798099
82.58376031435013
82.42594119589175
82.33376445030322
82.24920095626828
82.22092732885243
82.17672695066041
82.12878718370116
82.05540637149926
81.91610580024926
81.83588586623189
81.82165111502435
81.77912333788659
81.705663001267
81.6045973434543
81.5331279448731
81.43326740195279
81.41817983660795
81.34858695995115
81.2806621209718
81.13418709707159
81.20105565077567
81.04503576641295
81.02500568357785
80.99963483543083
80.9314890962262
80.76129250620842
80.6699603268644
80.6110715658336
80.52940197880437
80.34774715724409
80.43863555607483
80.31333741922275
80.27504099185094
80.12285642075965
80.07031041245784
80.04872799594874
79.9561840199853
79.84513634626808
79.7682588813443
79.75522087091018
79.73019216073568
79.68559250376279
79.62328221528585
79.49015745794507
79.39829709365425
79.30100510574447
79.35802975502119
79.28970573005458
79.24318467889361
79.10269291568962
79.03353791989754
79.0377393259176
78.9933403331195
78.9381474196604
78.88833171497134
78.72007847580595
78.66892744841893
78.58254693806208
78.65371329748359
78.58526261556835
78.50361394743925
78.39877385349492
78.3409196317207
78.24007376283747
78.26530837351697
78.28426296544609
77.13325791704497
78.16102465090863
78.07727825078746
77.99904674353814
77.97803700410746
77.99371401096138
77.85861669469932
77.79849329326937
77.70998115794188
77.76012885088818
77.63390397491146
77.61593143059628
77.51240205309122
77.38347995707515
77.29823543397055
77.24257214792247
77.31607800514118
77.2688298216321
77.22272325542565
77.06616702502788
76.99601431450195
76.89705438754827
76.95754489035694
77.10032727354789
77.0182018689803
76.91961196007622
76.84238051609672
76.76790289771714
76.88349181180419
76.77539935235545
76.7179718447378
76.62696913865727
76.52500026968855
76.53491915406106
76.54484710698765
76.45713180391093
76.3809291627545
76.3235059792509
76.16689088761738
76.09691691261823
76.12871962837318
76.04357741398277
76.03860284317324
