90.557582475
88.973251875
87.770203575
86.91820055000001
86.29785975
85.79922255
85.44146235
85.11658277500001
85.46882625
85.17512232499999
84.92609205000001
84.42509745000001
84.262574525
84.27533945
84.37436985
84.195210125
83.85820715
83.94973309999999
83.542294625
83.87196742500001
83.72221062499999
83.66534455
83.26395982499999
83.22031192500002
83.16624195
83.469653075
83.459208425
83.20766085000001
82.73749162499999
82.648362025
82.5147346
82.44324815
82.33877625
82.24503435000001
82.159665625
82.049466275
81.936712825
81.9934037
81.89179287500001
81.728680075
81.70317265
81.656114925
82.067622175
82.0515902
81.98431735
81.4307106
81.26700215
81.2148672
81.56115460000001
81.4966632
81.22742345
80.90391419999999
80.94761795000001
81.04667077500001
81.12507315
81.00846595
80.568107275
80.47990007499999
80.36095557499999
80.75361559999999
80.66130577499999
80.613781675
80.136043575
80.0248903
80.01209375
80.235641275
80.21318600000001
80.18022652499998
79.656282375
79.578810975
79.48115725
79.547185975
79.3943658
79.288344575
79.185232125
79.092170575
79.001670575
79.044895975
78.99375665000001
78.79673512500001
78.73755815
78.57655675000001
78.966811225
78.8935295
78.817693
78.329290625
78.182164975
78.21453039999999
78.499416125
78.40312282500001
78.202394175
77.7331592
77.503039325
77.518991175
77.7955488
77.862973825
77.79761615000001
77.15583185
77.066053725
76.78263315
77.00941287500001
77.1418308
76.9648459
76.26340155
76.18146130000001
75.86636265
76.274985775
76.2262704
75.98908002499999
75.497593825
75.531574
75.27431015
75.18511757499999
74.89954025
74.5873881
74.638564425
74.30060822499999
74.00766564999999
73.99557800000001
73.728936925
73.5902948
73.17266620000001
72.877899225
72.7002695
73.064691225
73.0270496
72.83801005000001
72.239758575
71.8799578
71.857402675
71.9651376
72.056406575
71.59531335
71.04060600000001
70.611004525
70.52491127500001
70.788856575
71.042085425
70.54315065
69.7496466
69.249962475
69.5645426
69.743015925
69.7762887
69.60670215
68.6567688
68.58068687500001
68.37817055000001
68.898003175
69.02671297500001
68.981286025
67.73831715
68.06472495
67.768224575
67.482446275
68.81768485
67.937916525
67.111730325
67.16794742500001
66.99812642500001
66.850997925
66.8851674
66.72127965
66.4098305
66.157815475
65.551438375
66.10091065
65.42182170000001
65.5931247
65.137713875
64.31895052499999
64.0981402
63.86141679999999
64.27617437500001
64.063194225
63.86177005
63.059912225000005
62.84047004999999
62.541143925
62.850574699999996
62.853220425
62.5494298
61.719090924999996
61.450865175000004
61.093477225
61.186044900000006
61.50711797499999
61.11544839999999
60.32926415000001
60.015847050000005
80.60680179930361
75.84179241744158
73.36942122769254
71.78861395411495
70.77538239902601
70.05779066579925
69.63126378936137
69.37924770162485
69.05802547602862
68.72479980134435
68.22427664639157
68.10230939788927
68.19499663910234
67.97834904394777
67.82461875689505
67.63266229755945
67.4958479885568
67.7035275676653
67.7437608286858
67.73706402944562
67.78903385972981
67.6476321825155
67.45564331171883
67.57466680301555
67.78843496034088
67.91196811182657
67.87846649968252
67.86187333216245
67.62401232947472
67.67610785280857
67.73826231140137
67.78343178309967
67.80712844078595
67.759789334774
67.59173567388845
67.50568303251792
67.54387220397842
67.49420064155258
67.39388808431413
67.23335237714338
67.06369255511167
66.98802173580599
67.09203190736565
67.08740375738998
67.16323334294214
67.0781342722681
66.93637390693767
66.81485810731672
66.8402516445468
66.82158882469176
66.78337370202286
66.70453936611803
66.43032885771964
66.46371175422459
66.58294880563203
66.57895397830758
66.56566606871922
66.4512434801027
66.38504010789237
66.36776340657129
66.569790308414
66.71743057120852
66.85660630034445
66.79531188239307
66.55623416048361
66.08732076558222
66.16121115041732
66.16454012121638
66.1474353251309
66.16374091502718
66.07892925651655
66.00300118946924
65.979864427895
66.00875066586492
65.99185616921433
65.97095531862045
65.76276699469362
65.67761292241524
65.77772083397545
65.78706630274563
65.86523606202552
65.88971295344997
65.56125913524838
65.67020064893619
65.74287961831102
65.83049179402772
65.92311323054003
66.04346915898643
65.65581155633818
65.26598586561097
65.22112134140545
65.17155810143261
65.1582138478755
65.18819726776123
65.0047404607551
64.95812661627774
64.97734927317514
65.00255054530774
64.98822684159381
64.99931015684129
64.91742202017569
64.88268974345736
64.97392272583538
64.8786652401649
64.87586460844045
64.8459958688238
64.81297269657988
64.788871852416
64.83901670235213
64.80499385114989
64.7261112814638
64.7152443193309
64.69370741441519
64.72092856065117
64.774658267942
64.791692097382
64.70846934372157
64.70483805671165
64.63991005986534
64.48857904446808
64.51518019834623
64.45023185198899
64.39410360250261
64.40356588697422
64.34340222823468
64.2107686885696
64.24822015205068
64.13854646103331
64.16853792844567
64.27646156727364
64.16927191925045
64.05906002878608
63.95795025925742
63.90863199237933
63.98995006383464
63.94579386181185
63.945154172192595
63.77990453338735
63.71105491374768
63.7591309543747
63.80296287462131
63.761188621397025
63.75513915679398
63.6556435143936
63.64969985614355
63.548090803822376
63.5239902600638
63.503305126955226
63.47081751105622
63.359746278931354
63.307756720318295
63.35414086943627
63.33133889264848
63.34312301286062
63.414529227445506
63.305522180201265
63.162032842182526
63.142930645185025
63.15534189905805
63.17763224620182
63.233607559230634
63.0613959829056
62.98909752163148
63.01065479885837
62.998610041879
62.95444037062433
63.005096970498876
62.99639663258449
63.1933832020845
63.2386811397034
63.11426643544304
63.142802359045824
63.086172773227645
62.91844567083675
62.41768608156095
62.529360980258495
62.15505463953862
62.15753868691335
62.2099072052669
62.20646099655277
89.09367972345046
86.41219360129664
84.6259401392862
83.44581074612944
82.41786931110164
81.84067291406845
81.45514517665873
81.03574166337445
80.5845457330842
80.32875239342899
80.02419608085945
79.68041923803327
79.38223826788585
79.26509163577926
79.2029298829131
78.91380016897298
78.63563521328503
78.40581732824423
78.23546547630738
78.1213217919158
78.0320586841032
77.8347076365302
77.61593759612288
77.55637170587437
77.54765506456903
77.4191669084136
77.22557032149086
77.0604835459624
77.02830102113195
76.9226587015099
76.81434133747427
76.837604847481
76.58372355722747
76.43910939053436
76.4231121963744
76.36912027151219
76.3054970727009
76.21471997555193
75.98164494515005
75.96623644356633
75.91452278463048
75.8750372484705
75.72222112966121
75.75123206685818
75.57712841538951
75.6085268195958
75.49720447293599
75.52906974245171
75.40575782210229
75.39723751982052
75.26481180622207
75.163291782892
75.05377016518379
75.02259351470946
74.97627052734065
74.9102399113083
74.77605129624048
74.63505794507348
74.62617487595342
74.5790785508981
74.50177679247115
74.51575250956844
74.39004520355107
74.2593156704024
74.15657810511172
74.05129583473216
74.21262118442546
74.16887533540499
74.19639570229532
74.05982182238905
74.00527475356633
73.95815066503843
73.97016133344333
73.89524704525844
73.79662135750566
73.76283322424679
73.79253072765557
73.87688745136055
73.78008174576757
73.61437901044943
73.5639726795345
73.45981748198935
73.4267854898442
73.3490147292477
73.482513473782
73.37021063489058
73.25563128643672
72.78792217087855
72.7334956209702
72.71452638651105
72.75516846524137
72.7972485404174
72.85832069370065
72.57298574434492
72.4813620302613
72.49972076731055
72.43594300476505
72.58671296449445
72.45760478139557
72.29616536305113
72.18684730161567
72.33192527172828
72.2776370579931
72.29602429882375
72.40905445396632
72.28337457119409
72.3033174790212
72.30622993501463
72.47096263416185
72.17879149851788
71.89706905904984
71.74844577789727
71.6139062676759
71.55659302408432
71.65113367503587
71.85133645098152
71.63705780850518
71.5413905175982
71.4297851410442
71.38032209278956
71.54535994859492
71.56654008973014
71.46529999511093
71.26265586561837
71.25849199701305
71.21685111868865
71.29883956322247
71.45600653603455
71.45398214667546
71.28324822866537
71.25715429184065
71.27003358614817
71.20450031147543
71.21100994690892
71.18064076817302
71.07159531866387
71.04215873103146
71.00762024910188
70.92672043813063
71.03026479503318
70.91819558161639
70.87199763173108
70.82109161765102
70.80826946043128
70.78376883014897
70.84663768477657
70.77282001644562
70.62841390606343
70.58737560015143
70.6084099989849
70.58673298713687
70.56531609634501
70.48144679152918
70.4301120205286
70.27775578422862
70.28794966868716
70.3282881906149
70.49188986995267
70.4609342737505
70.29373102498269
70.33165242873196
70.07262081676268
70.06666548190972
70.0787113009855
70.16077145551152
69.99267267287455
69.89429106720293
69.80556451801301
69.79094790253751
69.880646285252
69.85458511112745
69.67572148840794
69.56722627507102
69.46320430534578
69.38527915630135
69.74997416958593
69.65989460705865
69.4516588207848
69.43720487426128
69.34521422383956
69.31869033868037
69.51148300786333
69.49895775963573
69.3208283841399
69.19334421863547
69.1705917123869
69.2570694787332
69.55695959359582
69.64985097716556
69.50029534103079
69.38150589469589
69.38014749903776
69.28892960189626
69.4977331151751
69.46919423556753
68.89671372561558
68.75336142539132
68.46759966943966
68.23929346769228
68.6653759196599
68.73060026536531
85.58380123374491
83.32008757771797
81.8182805698268
80.77918630013994
80.55303089727931
80.1739983115642
79.4729127279705
79.02176740677088
78.5880053584777
78.4131534358798
78.7306613251909
78.61928197400405
78.27384777093887
78.07022454930838
77.96769656061375
77.95271854149391
78.3644992697322
78.1928183324835
77.83008085033727
77.60916809352882
77.69317587285357
78.04830333654185
78.21751921393287
77.92274308713478
77.7538174451945
77.53657302335199
77.56161257954163
77.77337669857877
77.54656813177945
77.08772236934875
76.65872377374868
76.27642410919933
76.71077734608332
76.9725493319914
90.69124627353659
88.77074858211408
87.2090394620462
85.96006877214337
85.1475274462372
84.13513770858233
83.6416148060672
83.15022227420178
83.31420182420504
83.15141075473569
82.8039122907257
82.01895867834199
81.72469228939703
81.49708416680551
81.87136589628005
81.66930731070308
81.16391223046737
80.69270727616849
80.46823708989044
80.5256125597193
80.6733526610523
80.59572926127125
79.92598468980047
79.82311540911981
79.65895949752178
80.11219804535557
79.9778441278372
79.88554888159655
79.16882957339922
79.00842838614473
78.93288594862395
78.94869258074337
78.68880478106493
78.59067098875153
78.32859914607788
78.21471534308533
78.14493720367113
78.11786274085247
78.10118388473725
77.93263401799737
77.85194960422398
77.65046069661673
77.70215050370423
78.33948969817165
78.1516182305823
78.15056856226603
77.31549845056647
77.11177714825965
77.01624504826438
77.65155108633785
77.51239257296673
77.38677751927587
76.79969180860613
76.51356503467454
76.38733579114285
77.05062492334893
76.76902542988981
76.7465772128179
76.002390487335
75.90361708118658
75.79614724564763
76.39525057442971
76.26169536185053
76.1909639706188
75.34750197038753
75.1949384038905
75.10115818532846
75.56819594887303
75.49969794177805
75.5403951644993
74.89774344007387
74.7144609836864
74.80018654895566
74.5118700874732
74.45392434448148
74.28945616058893
74.09166718685249
73.98946340691262
73.89730595537934
73.97031107329268
73.9328437041632
73.98631095866305
73.4810772212994
73.4040986653572
73.49267662898272
73.79836399074972
73.78642241683325
73.8092238171407
72.96425033614908
72.85696204964421
72.856756689184
73.53244950398022
73.78801471445715
73.31846427428566
72.78626892317142
72.68681263905316
72.59944718905447
73.47099915681204
73.21188807443303
73.04482728763155
72.53885451127059
72.49004613650423
72.29566312379308
72.56582796408864
72.62174602997253
72.48375612890668
71.71099363430551
71.54104718943285
71.34860248935068
72.29056700241505
71.94594011362916
71.89849326764633
71.5223417378829
71.05424869123998
70.84208957104894
70.74251595500948
70.7097982119263
70.5805035454114
70.7489837459384
70.29885488953266
70.47078103047792
70.05962961332102
70.03692455967703
70.09621294292877
69.83906098319055
69.87316077617429
69.86694977062855
70.32408232435017
70.51132209439052
70.48807205728522
70.55561899529981
69.73595155022515
69.6262105845251
69.42642838691293
70.38078675938182
70.22398008250248
70.12524418088282
69.46165446200679
69.1764452479924
69.10386258038727
69.930645104047
70.12301099122263
69.64088385908134
69.08108040501799
68.5576563242244
68.6016661538612
69.01124625712073
69.17777379751213
68.85717619985903
67.83791349566035
67.74696965681393
67.5664295547592
68.17279094577475
68.82494210199577
68.33190167770603
67.38424728242872
68.16533946357394
67.22810322859966
67.14361203021694
68.46956823032808
68.46199639215355
67.33721890710822
66.89230338685033
66.80797799941902
66.6375737297259
66.709100989719
66.59391090304155
66.42803291932428
66.08179961453226
65.64918869089344
65.21118849136357
65.8006216312557
65.82130010204106
65.5633825160694
64.56716843840489
64.37361361557963
64.14051822900558
64.64008691746072
64.59491673670985
64.44292092440287
63.59108887277169
63.27352542288892
62.94826552468202
62.79177807123391
63.47248832711638
63.022172885795044
62.95741846394215
61.78716088485927
61.412781823790795
60.996820020838804
61.66133659322423
61.48046548608993
60.97898192505418
84.48986473022883
81.46145221073469
79.6792431263458
78.62401194556224
77.90582883866945
77.28603734395035
76.83338741808583
76.34960245076286
75.90024566339387
75.64985552570124
75.57694537064863
75.33322564807155
75.21419322770113
74.94081386280274
74.76736978987158
74.73221654353455
74.75262307779413
74.35978150209952
74.27506521057124
74.2317529793284
74.01291407812116
73.92658951235977
73.91371049695434
73.74082688055043
73.62469758923001
73.56241836314213
73.58394056148742
73.63647391546148
73.70756187606915
73.5795586015075
73.33518534962226
73.15649794111148
73.04474642957256
73.1243035141096
73.135653651922
73.00466315915533
72.82282965030042
72.7068655798106
72.7326266359149
72.95066149550125
72.86967159722327
72.8725222246816
72.71303193834846
72.68502654624622
72.74817630703289
72.80532716396645
72.81748694094658
72.56407116136768
72.25295024371461
72.2515010035166
72.18966818712768
72.29296535459308
72.34630300065147
72.23820065565745
72.02972429652745
72.03763890657737
72.03705036653628
72.16101312787269
72.05505210778765
71.97803485500862
71.84957442992223
71.77146753371233
71.61750042403649
71.93710439718463
71.89929318008227
71.844968867177
71.66710756908317
71.60348937191537
71.60396826756165
71.72407688820945
71.7258637789863
71.61501421669317
71.4848798308977
71.28037974899505
71.2258376740604
71.23748686083479
71.19133206600723
71.08967344730792
71.0278288166153
70.9568250654518
70.88695133682133
70.83113694380867
70.78422087239362
70.69802342963636
70.6173240799861
70.5098615567176
70.44919500851748
70.39670315729248
70.23616400119782
70.13558301914422
69.9397523975967
69.83686034486243
69.7829996126005
69.59984040657773
69.51278950659552
69.26339588947403
69.07957148570593
68.91487361865035
68.78218715467982
68.59052561041193
68.47135235937445
68.3256706038581
68.06154918634627
67.87587864786367
67.7939685207461
67.7354776659288
67.46309414972936
67.26472582483088
67.0451160267406
66.83416434986222
66.63583726193541
66.75868192403047
66.54964247180828
66.47466989401492
66.23638443282333
66.11773101271841
65.99075644495232
65.87359471752589
65.96463409897595
65.72237933348345
65.57233998076121
65.29532825731278
65.20603068210498
65.08158937768094
65.10849982591635
64.91896778309606
64.789340045326
64.65144514472757
64.51260107108541
64.38646165506053
64.41430532063916
64.38323927255195
63.8463636445002
63.61136012283837
63.53205484307926
63.4426696327804
63.47703166654808
63.27674503432708
62.964910974481484
62.649527223249024
62.48421601246194
62.25506591565557
62.2487474966261
62.14302111809737
61.961907369194044
61.65379288410725
61.402978823674445
61.21885438101775
61.3117231765186
61.268857809305274
61.19239564630927
60.75686049556728
60.64431659264883
60.226264254743825
60.4917351661195
60.239193312496575
83.26355597894558
79.6774915604931
77.60672924822595
76.2972203654861
75.3363818594339
74.56107889037978
74.1921139102152
73.8066215267892
73.45964096836816
72.9981428394742
72.47956910597807
72.17678931789405
71.8909658157847
71.69751180365247
71.47739751071508
71.10902114204404
70.89579923912257
70.76574902983769
70.68527684222336
70.55793831220842
70.41683595225432
70.16955535091083
69.83063739045046
69.6908637654856
69.40996087386662
69.16438967935767
68.90126863818062
68.6336828432465
68.32121207590941
68.20173365130742
68.12157046529241
67.97418034733452
67.89229946776088
67.7078805992264
67.48981613554312
67.35927241252575
67.4318619440036
67.3798498792034
67.29795362438422
67.01578160766715
66.8880416324711
66.77573804127796
66.81301642995842
66.79311749595122
66.83732722726617
66.6959955453873
66.4863431966686
66.30785689359014
66.27070971419022
66.2833820125749
66.27289308197119
66.25919731250637
65.9561677291192
65.89320618566512
65.8665343575817
65.88616651196158
65.83923642503312
65.73349673492864
65.54224867693364
65.55329680441757
65.61494996956385
65.58245453129452
65.59743351996852
65.61650905063516
65.33945269143948
64.8870145904298
64.89559627193138
64.86510894680018
64.79490059894346
64.848045947184
64.72620359709953
64.61372115652611
64.51110799424278
64.47417036655003
64.43921152071319
64.39629147055734
64.19755829687121
64.08998648769693
63.97783055910735
63.93427348984402
63.86644664972747
63.932416902902425
63.71344408534142
63.73584804940224
63.76312944726305
63.61365225216436
63.537153047115645
63.5978572285324
63.29126504917247
62.574860768037425
61.91122068215999
61.2867918541083
60.724150043345524
78.76202310627077
75.42878573401455
73.61187925183398
72.54090602582187
71.8819216382811
71.183967604936
70.8569596476512
70.34731006579817
69.90379592868918
69.47116803699917
69.36104608840093
69.11147382206914
68.6593978108565
68.17425432645595
68.08348598196028
67.85407568405574
67.98203430158497
67.96348152520495
67.8157083552445
67.3837000378216
67.35830406254767
67.30855388735237
67.32082228125248
67.45383405368159
67.45255009291971
67.39751458718612
67.07646360680152
66.99566243010511
67.44823504698638
67.06885104802348
66.33059629269705
65.33207866005155
64.86133225089488
64.46304724922187
64.59740098237894
64.5689658817259
89.8590221064844
88.90933807424804
88.14036736519179
87.45276037792799
87.06750199419054
86.65368877196468
86.41155409908669
85.95310973753621
85.88988539240512
85.68327420029027
85.39340678691416
85.11784843062203
84.86865815459923
84.88640230111687
84.72870411561753
84.80927867644053
84.36098924167531
84.06649025734222
83.93172808920826
83.89793656944545
83.80647903420568
83.57304171093037
83.33117679219669
83.10968528864109
83.13928335188609
82.89752373919195
83.02321051618596
82.68332078237472
82.4248940665606
82.27180203191112
82.15953436293339
81.89201425422476
81.9720089578387
81.76281276320545
81.55068822072823
81.41352773628057
81.29504087600318
81.14158032554603
80.9889446948285
80.78754381509498
80.65024474074163
80.68508030622272
80.56423209978212
80.40684924876878
80.06122540228378
79.89713314612764
79.80138277109121
79.80140974590965
79.69752650722664
79.51078912117586
79.29243300929156
79.14003243187572
79.17359505134456
79.04892825239507
78.9292981257913
78.68184792471762
78.51828649757009
78.38720425869998
78.42001601388174
78.33331743731533
78.22045656650492
77.99393374727204
77.86406315931133
77.73782628667159
77.76524013486275
77.67303430495008
77.54939760414813
77.30194343204066
77.20510345042084
77.06219726130736
77.00194858725516
76.89900304310129
76.77808080008057
76.65807200449696
76.53739827684493
76.4182304659057
76.39694283604112
76.26639101183932
76.10820868847476
75.97325740239428
75.85583517886558
75.9152741274043
75.87602461333255
75.76115174913642
75.50780447506533
75.38351315332281
75.24385637632999
75.28107154142438
75.2211784869903
75.12305299150098
74.89653101532357
74.76678892968933
74.65498824011146
74.7252301173465
74.64547212441481
74.52926388453093
74.24996998716304
74.10735722317992
74.00109797056298
74.04198084198099
74.00291672616586
73.82012143929114
73.57950155891749
73.48496924331977
73.47189316805098
73.44764043448613
73.35958555811575
73.16840072391277
72.92920802292369
72.79669120213808
72.69831197654746
72.60409305498797
72.51691402427964
72.36598671682025
72.28866125281715
72.16965863804197
72.05960963975839
72.05836543985991
71.97698139391568
71.83710606886875
71.74992307706295
71.60908267219507
71.7123817533387
71.66584222256603
71.63045604773953
71.41173682435243
71.24535306802736
71.15119804963254
71.23797096249916
71.24136269032732
71.15004526758733
70.94148061622033
70.78635979019172
70.66208905553924
70.75284486557088
70.75765550757187
70.71347415592935
70.49223156502691
70.31086341941571
70.19573914943483
70.2852693195372
70.2678208031447
70.26347960889751
70.04627406636853
69.87176661825731
69.7543769227529
69.8403157173724
69.85837690289546
69.86521872306133
69.6759458385704
69.48166184163935
69.37372969334609
69.27398235898828
69.4322459750133
69.36056904837147
69.1006641881322
68.98256286239283
68.85617369158791
68.72358013686387
68.71793985440998
68.62647641650372
68.47363104903003
68.33726102988726
68.2234317067692
68.34973066722112
68.29944098196205
68.26585291965739
68.18574454975294
67.92869866328077
67.78691000920874
67.69829528829725
67.80542318551055
67.74234943497495
67.67648177358043
67.40868023091964
67.29305585038635
67.16198441006779
67.30463124104234
67.31463410664824
67.2408989514761
66.9267177885017
66.77794097606089
66.63363734306623
66.74888746516494
66.7716749367128
66.70530769203286
66.43333523433672
66.30577309252868
66.20965367552762
66.29112608076004
66.24135456760251
66.20599773393195
65.97356912315291
65.8137057664461
65.69433857160456
65.6254948645045
65.55442530775198
65.52019295448703
65.3823172944721
65.26061328455086
65.12767524358303
65.00753208456806
64.97328465708586
64.93997214756843
64.82900982448027
64.72919041500471
64.66131715891869
64.58726283839934
64.75313881627788
64.75636094927825
64.72074350279175
64.41406545411587
64.28349526616188
64.17604268823962
64.28692762035085
64.22502672617689
64.19770901396416
63.9768186364279
63.91230025603705
63.773690673194885
63.85365759944064
63.8150573129648
63.77057820662304
63.61983522569587
63.43310989040126
63.328152133732765
63.20388293057023
63.33391546042895
63.312189508331485
63.22141374943755
62.90870348031541
62.79823983142692
62.669453950825236
62.7993973046204
62.75550626291253
62.77820716324931
62.44213363918608
62.277861950344345
62.15860580855522
62.07260732833456
62.10907814124462
62.09893343634524
61.87503003039525
61.73099850459246
61.601721397723686
61.471488271869276
61.458175572655215
61.40950622039875
61.23880460269635
61.11429811158698
60.94048342416236
60.91937421669634
60.99492540906256
60.95869624336451
60.825850158617875
60.50819603296825
60.429427331203286
60.245363928122075
60.354595069455584
60.30750095988575
60.21785801158087
59.99346645538006
59.79998953137814
59.65043752689174
59.623452751260075
59.627026144269244
59.486206371439664
59.34621310263506
58.9993030266258
58.8660346556413
58.681252419794724
58.79785710774728
58.651260218977086
58.49077336206749
58.27410987026453
58.04132140203677
57.81820003539946
57.85488946336697
57.64449001826479
57.51671664988969
57.29286788072151
57.097257834213664
56.89391641675549
56.643289416477074
56.65132515753448
56.44389790680941
56.16597425218595
55.869361158763354
55.64015739312429
55.34728998528837
55.19823881209711
55.08698258212521
54.901150258591095
54.55950034826979
90.33563391534918
89.04494555671086
87.86633086882534
86.89069832994365
86.08462388751853
85.45058812532042
84.92638994170187
84.55806553839003
84.53682851598886
84.27967008460966
83.83935364959419
83.46128026584732
83.19401694883146
83.34497087373501
83.2192126901805
83.0726377879558
82.59789526155626
82.34128544523477
82.36388798863095
82.44501944350138
82.37715387076909
82.07307928121863
81.79004249876212
81.63272920703841
81.90059514795675
81.84760075948051
81.79503164567386
81.4025308595218
81.21168321301168
81.04465329560043
80.96966768298758
80.8596687483624
80.73208356548986
80.62025355155014
80.51101973975209
80.41359289863938
80.53121036975116
80.42997210532936
80.26631020716684
80.18677820834792
80.26258591543345
80.48264901737845
80.48734111339812
80.39743664022882
79.96793967441789
79.82938042251196
79.99992603181424
80.0053590603645
79.99171211087993
79.62088931882091
79.4087103968426
79.2749562492711
79.50583228555573
79.49653764150423
79.41766908305287
79.00040085221617
78.83817650709813
78.75129353404219
79.07345791158488
79.04895792875487
78.8477094613561
78.55070332058186
78.42026851851149
78.69304077090905
78.67157090762575
78.64079046619467
78.34324638502711
78.20260301363075
78.07206726671967
78.03550846703247
78.02637086578714
77.95904200091928
77.76429787784535
77.68712765810838
77.56356289067988
77.69385615303005
77.6507927057686
77.4521224116904
77.29899956521814
77.14876185326989
77.43702570874792
77.43417572648106
77.38192894786103
77.0432250776797
76.89782451896244
76.7993230676187
77.10856154129463
77.19919169393914
77.0994849595245
76.73331186229171
76.55694024616194
76.45460041964624
76.80337210707518
76.75682481570166
76.60156459391676
76.15253577020307
76.05237300854269
76.17929304911732
76.2280015423383
76.22239551107896
75.86673673074162
75.60400540431509
75.40555010262572
75.74211460314007
75.71889842147141
75.70516672685036
75.26149351309863
75.11801669141114
74.96200390150408
74.86134876648516
74.78157820375057
74.67745997240611
74.57282642426638
74.40557136184334
74.287113302036
74.30372551088902
74.3760254872164
74.212367159114
74.07870362714475
73.9272217896314
74.25275065727108
74.32692140114582
74.40292033162604
74.20126414062946
73.7874489627511
73.62825175318756
73.9184840087351
74.06214017862463
74.02806829744728
73.68470973335776
73.37894376690033
73.18429573387213
73.54334767770027
73.6558086655632
73.67634638880399
73.19141633683721
72.99876015620524
72.84478747930457
73.25214846808521
73.5499015976074
73.38039704094993
72.84956316105789
72.64990340332889
72.5365730763693
72.98065810177552
73.12230228376698
73.09604570081927
72.56917583745252
72.44745816342791
72.34640234994968
72.46162347707595
72.72907534840564
72.38549075848648
72.09890184221094
71.9319152383923
71.71680184950398
71.85081786507993
71.80168294161278
71.55567056936138
71.32804764299935
71.17711496172919
71.56444722858558
71.5764270276677
71.70717623133098
71.51342088786194
71.08995431081443
70.92617365921865
71.02800178343284
71.26296638860434
71.22001378356447
71.05784195029553
70.64186121653762
70.59443823468384
70.68757382000699
71.0000960294895
70.98714981077194
70.65882082077277
70.29446449847607
70.09618030538765
70.29513252638667
70.56826492459639
70.53855518944238
70.2450969884801
69.90146113346309
69.73655144788889
69.98215178937312
70.05201199632785
70.06106907521125
69.74267678816089
69.44017049889656
69.2504640985194
69.10567824839228
69.15967945419372
69.15556687178636
68.86913967151942
68.6840547627052
68.50980521209465
68.3775873883163
68.48748379964916
68.44355541909104
68.2780455640237
68.13576998124186
68.0307562335706
68.48006906941859
68.72412936892026
68.72569823044068
68.5214156095776
68.09718295973227
67.94658847180102
68.07772177822127
68.26626866140454
68.27835778193861
68.1020793613458
67.75431391904557
67.62384807916091
67.59450272012423
67.9131736287109
68.00012595565758
68.0035823034468
67.62597261879252
67.4316846911427
67.32157302345014
67.68363178319119
67.71857014726008
67.7135316539993
67.11163053037751
66.94527062263359
66.82463103085804
67.26857703095035
67.33592986173835
67.32890798829234
66.81808297489795
66.65142654568676
66.44362149654785
66.50419060174953
66.68200964914864
66.59960238683608
66.33496038346422
66.11819811199446
66.03878516566235
65.92933587011865
66.11802322316623
66.06627795710392
65.78366744155156
65.6036262478415
65.41331263908768
65.89591854625746
66.05784338362662
65.96722870126179
65.58324667743271
65.41210299944031
65.26089284012619
65.5935641107398
65.61171643553416
65.60917226265911
65.34905697958278
65.0971247850096
64.9907802673964
65.12562965798185
65.35340542626813
65.33615367815808
65.0371938947438
64.64338191814947
64.50136302123461
64.34224575522138
64.8640235312093
64.69474710064677
64.75950676700337
64.40095230313848
64.21667608922232
63.97222048650979
64.49138580438112
64.36832368904479
64.29446759386397
64.00199475595278
63.820420502111
63.72675106931274
63.689571371482124
63.85672687585585
63.807570582235385
63.47573046210445
63.32034911867572
63.177431203913926
63.011789072385824
63.22969631352222
63.282214667017854
62.9699501819004
62.70034283024084
62.51318446704859
63.061739565741426
63.2674125014417
63.25469720986751
63.05833182333358
62.669042983733114
62.56830892644687
62.64293048897339
62.72832418008723
62.60728894984264
62.91077664820912
62.291708988365336
62.1401894222133
61.94788075095238
62.4487800308992
62.4455626274247
62.129587378072756
61.74576262221885
61.684752236354726
61.48682084133193
61.93663127928802
61.83217042830713
61.88258465991222
61.55725204911482
61.35609749081395
61.229944168924575
61.50137721745557
61.64944619754101
61.654429122050324
87.73330245727288
87.01759584674207
86.62069456979238
86.28830862680591
85.96314946072988
85.69817962977166
85.479485565809
85.37336027854867
85.24861039744899
85.07110376318077
84.87076052244979
84.7223592949511
84.66145806163135
84.5396396093765
84.43970825696839
84.22789524045015
84.08981073770319
84.03516611135471
83.99237959466805
83.88019361792793
83.60121610571892
83.47555449787517
83.50853096107565
83.51647830881559
83.42200201533029
83.29593674866376
83.16310234740976
83.06362167383593
83.02879856468877
82.88666202912864
82.7763509898016
82.76993918813842
82.72151456383114
82.66759225366458
82.62546137988738
82.49380470726864
82.4554733921061
82.37713318688786
82.42441371870065
82.32657705759605
82.20855479056782
82.06979358022636
81.932412571588
81.91538706974445
81.83506236774255
81.79879387420671
81.74299638478806
81.67990376437372
81.61072805641206
81.53395697647042
81.44427552161474
81.29157082604011
81.27851967817477
81.19178863149293
81.17774983255661
81.11760995394513
81.04824405071304
80.93632979969664
80.89447308242701
80.87492743448914
80.8784679343377
80.8348769598837
80.67932506953916
80.61015697469574
80.57208638122106
80.56918232597316
80.43030511681616
80.28961119284803
80.21122816959112
80.16614646450482
80.18617677118971
80.13696356429054
80.03216774111897
79.933490984965
79.85089642677053
79.87765334043353
79.84354863985949
79.79388767565734
79.68116931776439
79.57218791074185
79.58936351813107
79.65123023548153
79.54445734459964
79.40788432361465
79.28764703556716
79.22885209512089
79.27249643192769
79.24006697494585
79.16747438914746
78.9681880659099
78.90265483446156
78.89095857276858
78.79789433322671
78.74935088000203
78.55114941450108
78.4678694817476
78.3822014758799
78.44026405037803
78.38785383839694
78.26234576022648
78.13119653400811
78.01129249901233
77.95004571678238
77.9203971946345
77.8272988130689
77.71982400877717
77.63354508732273
77.7493701954483
77.59440540785336
77.55794992568103
77.39674175835005
77.31905700228373
77.20385270106213
77.23823528395017
77.17737041592994
77.1347214685115
76.94244437829524
76.8166234211484
76.70493131325509
76.74512173958988
76.69768016222412
76.52913685600036
76.36399821928399
76.22922289173147
76.26608618864528
76.30289470691496
76.21344989751807
76.0269454473034
75.91494075893735
75.82314893036241
75.85617063391378
75.89118058694223
75.71864314071169
75.58958863376945
75.46636210436364
75.54262320236391
75.54723324574672
75.50304810114802
75.34958793002835
75.27024079670835
75.17644919077186
75.20421729251059
75.15416577403147
74.98860752189204
74.88380430406558
74.76505856758784
74.6482174922633
74.66260029592031
74.57684348710958
74.43908147014704
74.34601935603564
74.24731931231892
74.28486773300058
74.307259110994
74.20959898669824
74.02261592780961
73.93753078831878
73.97017536363337
73.94362185831135
73.90459364013266
73.77146778811864
73.67552225046524
73.58603846826568
73.62196501168444
73.65076785142428
73.53195033843495
73.3684565606162
73.2694521262714
73.18027175380568
73.28216061379149
73.25412964026312
73.12962557609032
73.01675913997158
72.92359178979129
72.92682452892683
72.92738925008119
72.85551521597411
72.73261817063535
72.61431812335324
72.52018234558464
72.44322966512394
72.43160917700601
72.32575716051653
72.22177843924987
72.13937028263689
72.02716883600793
72.0119003564008
71.9449308247294
71.86603092020133
71.77958293936227
71.69494323157686
71.75907080403951
71.8086702132468
71.71688992178011
71.55433034300513
71.44378664994726
71.34880946356155
71.41254828710153
71.38202464256302
71.31173277193828
71.15296724381939
71.08912573617341
70.98361415824769
71.06766760171725
71.04032397478454
70.93761211609356
70.80986221457293
70.69317230702244
70.70163061469003
70.67550549634393
70.64508390946351
70.51557422652282
70.42582024936979
70.3453712771046
70.35959341550368
70.34508792914457
70.31181546218751
70.12302896502932
70.02918390575046
69.92589621573183
69.92418430364027
69.91907077599502
69.80140685520648
69.66995816386489
69.55686808569848
69.46723343737538
69.46648804053723
69.44968633778586
69.34019599880516
69.17774007987833
69.07433492590184
69.10299651890324
69.14343752730441
69.09271164034485
68.92884587327268
68.7997826357672
68.69985468886044
68.73249193734976
68.72613159902934
68.69042935803947
68.53387361450498
68.45395647094585
68.35548127565158
68.43957881027329
68.3599820698635
68.29742287091989
68.12043977905053
67.98887099357867
67.90215310490426
68.03035628723639
67.92101314740069
67.89407926563479
67.75015743044548
67.61611244623224
67.56964323511585
67.62171093265049
67.56057686864868
67.46488104043719
67.4539774478093
67.33634426888447
67.29464976259776
67.29758251734621
67.2417778737931
67.13213527154028
67.14271444401587
66.96522725656847
66.88706887612594
66.89950873331672
66.8795880080109
66.65285532281767
66.53253317975116
66.42854247347097
66.50645343492711
66.50580216768505
66.42446559557183
66.21723255421898
66.13770310268184
66.0053730735217
66.23119934161288
66.10395797342889
66.03852784949137
65.97711137002742
65.78115690626667
65.70029820839649
65.77834396850766
65.7281491056555
65.60986538018001
65.5117158961814
65.34709223347048
65.28322713896851
65.34340882786054
65.32159109354808
65.25908479289943
65.06468624531891
64.94981685948684
64.99351625074704
64.9164128506256
64.79107456017633
85.76446580147451
85.322513370383
84.67967486767141
84.3649685405171
84.102987924595
83.90612304879554
83.74091898701481
83.60562915052607
83.57172859592639
83.37330265333692
83.19157671674212
83.06486567343097
82.95103519853153
82.90411848771517
82.79541606552047
82.66708497259485
82.53808178626694
82.42083351723133
82.38083685186774
82.29943402604987
82.22889044689438
82.07784936791312
81.9817582722673
81.93966746761724
81.85922113694936
81.78553926830216
81.69714416283745
81.59569190933202
81.51699275948386
81.41563156574897
81.32243842631487
81.21656364772578
81.13339630891944
81.0386388108632
80.95581547430179
80.91309163041277
80.81549000751522
80.70993965537221
80.63095764608848
80.60394845989259
80.5196716239508
80.46394030371887
80.3319264086293
80.2254632061841
80.1434899091854
80.09050682833181
80.02726606830197
79.95331087053088
79.82053937060718
79.72803230467933
79.65768891031175
79.59990410115361
79.52853153046983
79.38474757379045
79.28664360091855
79.19504678510386
79.1791000834388
79.10390575339697
79.02251453352427
78.8862887677612
78.79299843449921
78.74125860053218
78.6876844347949
78.60966502796364
78.5011426795207
78.40100753452019
78.32618805928334
78.24913357745687
78.17826958092418
78.10100171655974
78.00673290068974
77.9082203614264
77.83589565719222
77.80560272930377
77.71071130510286
77.5981731196847
77.50831722542327
77.40831946137426
77.35552214559173
77.30955457343572
77.24302513448164
77.11221959116823
77.03083265064474
76.92930681245815
76.9169832478472
76.85311505897327
76.78129156617668
76.64862456251862
76.5699268931958
76.55105086877131
76.47618653252853
76.40957286741094
76.24511842141692
76.14502922453931
76.06267226365688
76.04333589264681
75.96282842976174
75.89448932711986
75.75723008056181
75.66857109312907
75.65115945931474
75.58588507433277
75.54052128996126
75.41621296528498
75.29817600202267
75.24049665851874
75.42317822280617
75.07751726135415
75.0066680476346
74.89686379955542
74.85050778868525
74.76377292375905
74.65100746710414
74.63874166551284
74.53933976124405
74.43281639815129
74.38003604716901
74.32364478884053
74.26100025810393
74.25066249596571
74.156156048423
74.14040390255066
73.97494216208015
73.9994786147313
73.9427064284878
73.89050307835808
73.79849843397308
73.7598988976488
73.67605110124005
73.66143993456305
73.65877420745655
73.57972932744936
73.45032268654532
73.38476042528494
73.36170569918322
73.33611822782122
73.29204412543658
73.17746132462656
73.06374309730795
72.99350508606935
73.00456490806343
72.95796077076494
72.92538925840456
72.80548323615228
72.71934069687649
72.6446095067955
72.57965843850732
72.58627854838122
72.48874843959169
72.39073076255963
72.30497662831877
72.21174716594344
72.17657049826644
72.12094930277114
72.01310630689531
71.9122253660209
71.83226156723725
71.82822463743348
71.79634058846489
71.73767511351798
71.63078805060753
71.54620531726927
71.46180707509617
71.46871234948337
71.38736936087149
71.34383396518305
71.22975037602136
71.14511360447365
71.06132932196348
71.0473086026487
71.04801824285695
70.94906809190766
70.83232626525273
70.75059366960261
70.64415120271367
70.66344061813486
70.64677490406399
70.56060053047474
70.42106288814261
70.33627620377362
70.27413113299967
70.25557103684598
70.23105577068168
70.15851186699167
70.02028445249546
69.93824915323881
69.87835407859426
69.84155561895817
69.78687330942836
69.67214920864666
69.61273412195726
69.56932155807148
69.50040702840819
69.48644870179538
69.4337873191192
69.3593831172967
69.29866510898324
69.23262636554868
69.24362895269604
69.24567884014967
69.21644394035123
69.08417001477662
69.00691334204404
68.93603761148891
68.91234045917263
68.87529451953964
68.83511446259362
68.77361134315782
68.65685848346624
68.58962324805584
68.57769258692814
68.5420485148859
68.48047874315215
68.39577195077966
68.3358708564057
68.25217411452103
68.23952867894249
68.18120036563455
68.12427009518578
68.00150406658815
68.05754902604767
67.92678310380744
67.90999516510861
67.88873093734999
67.83161552241276
67.68896758912706
67.61241877798727
67.56306197210813
67.49461172994523
67.34236023733746
67.41853709993792
67.31352018823229
67.28142256385425
67.15387115673217
67.10983044189834
67.09174143606094
67.01417697423565
66.9211038923937
66.85667010152588
66.84574247223324
66.82476500271504
66.78738441305828
66.73515990096469
66.6235832148405
66.54659171274523
66.46504776994861
66.51284219617548
66.45557735347663
66.41658637368263
66.29883513282275
66.24087382334474
66.24439517406977
66.20718276833381
66.16092358631298
66.11917123793557
65.9781520974636
65.93528056671532
65.86288192889724
65.9225290351635
65.86515803668354
65.79672532740933
65.7088550432569
65.66036532224025
65.57584274293892
65.59699278513615
65.61287931591025
64.64818025032562
65.50958881597397
65.43939792145514
65.3738292586178
65.35622023420464
65.36935970208461
65.25612974280509
65.20573814004035
65.13155291004334
65.17358350981677
65.06778986444793
65.05272642338734
64.96595469820818
64.85790041492534
64.78645388921336
64.73980047087038
64.80140839506878
64.76180797928859
64.72316439436386
64.59194894106417
64.5331514106914
64.45020950770396
64.50090879144501
64.62057988397201
64.55174760460262
64.46911582715911
64.40438535360971
64.34196296114708
64.43884222120474
64.34824601159488
64.30011393518518
64.22384126753397
64.1383774611419
64.14669083778529
64.15501181511269
64.08149443911756
64.01762624251772
63.969497790304786
63.83823300326916
63.779585277622175
63.806240286837365
63.73487950976837
63.73071014159895
