0.90557582475
0.88973251875
0.8777020357499999
0.8691820055000001
0.8629785975
0.8579922255
0.8544146235
0.85116582775
0.8546882625000001
0.85175122325
0.8492609205000001
0.8442509745000001
0.84262574525
0.8427533945000001
0.8437436985
0.8419521012500001
0.8385820715
0.8394973309999999
0.8354229462499999
0.83871967425
0.8372221062499999
0.8366534455
0.8326395982499999
0.8322031192500001
0.8316624195
0.8346965307499999
0.83459208425
0.8320766085000001
0.8273749162499999
0.82648362025
0.825147346
0.8244324815
0.8233877625
0.8224503435000001
0.82159665625
0.82049466275
0.81936712825
0.819934037
0.81891792875
0.81728680075
0.8170317265
0.81656114925
0.82067622175
0.820515902
0.8198431735
0.814307106
0.8126700215
0.812148672
0.8156115460000001
0.814966632
0.8122742345
0.8090391419999999
0.8094761795000001
0.8104667077500001
0.8112507315
0.8100846595
0.80568107275
0.8047990007499999
0.8036095557499999
0.807536156
0.8066130577499999
0.80613781675
0.80136043575
0.800248903
0.8001209375
0.80235641275
0.80213186
0.8018022652499999
0.79656282375
0.7957881097499999
0.7948115725
0.79547185975
0.793943658
0.79288344575
0.79185232125
0.79092170575
0.79001670575
0.79044895975
0.7899375665
0.7879673512500001
0.7873755815
0.7857655675
0.78966811225
0.788935295
0.78817693
0.78329290625
0.78182164975
0.7821453039999999
0.78499416125
0.78403122825
0.78202394175
0.777331592
0.77503039325
0.77518991175
0.777955488
0.77862973825
0.7779761615
0.7715583185
0.77066053725
0.7678263315
0.77009412875
0.771418308
0.769648459
0.7626340155
0.7618146130000001
0.7586636265
0.76274985775
0.7622627040000001
0.75989080025
0.75497593825
0.75531574
0.7527431015
0.7518511757499999
0.7489954025000001
0.745873881
0.74638564425
0.74300608225
0.7400766565
0.7399557800000001
0.73728936925
0.735902948
0.731726662
0.72877899225
0.727002695
0.73064691225
0.7302704959999999
0.7283801005
0.72239758575
0.7187995779999999
0.71857402675
0.7196513760000001
0.72056406575
0.7159531335
0.7104060600000001
0.70611004525
0.70524911275
0.70788856575
0.71042085425
0.7054315065
0.697496466
0.69249962475
0.695645426
0.69743015925
0.697762887
0.6960670215
0.686567688
0.6858068687500001
0.6837817055000001
0.68898003175
0.69026712975
0.68981286025
0.6773831715
0.6806472495
0.67768224575
0.67482446275
0.6881768485
0.6793791652500001
0.67111730325
0.6716794742500001
0.66998126425
0.66850997925
0.668851674
0.6672127965
0.664098305
0.66157815475
0.65551438375
0.6610091065
0.654218217
0.655931247
0.65137713875
0.64318950525
0.640981402
0.6386141679999999
0.6427617437500001
0.64063194225
0.6386177005
0.63059912225
0.6284047005
0.62541143925
0.628505747
0.62853220425
0.625494298
0.61719090925
0.61450865175
0.61093477225
0.611860449
0.6150711797499999
0.6111544839999999
0.6032926415000001
0.6001584705
0.59694397175
0.593970914
0.5964534635
0.59853184475
0.5927355235
0.5842302165000001
0.5790692455
0.574391519
0.5658951665
0.5656636125000001
0.556199213
0.54747709025
0.5381339195
0.52937747925
0.522596767
0.51806138875
0.51254993225
0.50595263775
0.5003305142500001
0.4953328425
0.49684611199999995
0.49530683975
0.48969268525
0.478785743
0.47257626774999995
0.468200431
0.463336447
0.4660341085
0.46331317375000003
0.45969996049999995
0.44876229900000003
0.44503503525
0.44051714525
0.44243070825
0.4390030145
0.43476959075000005
0.42508975125
0.42016325400000004
0.41617793775
0.41320562875
0.4159450445
0.41307054925
0.40862255225000005
0.39881198775
0.39678698925
0.393380727
0.391080869
0.39455320825
0.39309082325
0.3900452125
0.37902629875
0.381179995
0.37635117500000004
0.3735756225
0.37353510775
0.37137321675
0.36708562725
0.36464534249999997
0.3627082875
0.3615950615
0.35992601525
0.35910897350000004
0.35872548825
0.355609313
0.354045616
0.347518496
0.34451415399999996
0.349373987
0.35074615124999997
0.349623617
0.34438788725
0.8060680179930362
0.7584179241744158
0.7336942122769254
0.7178861395411495
0.7077538239902602
0.7005779066579925
0.6963126378936138
0.6937924770162485
0.6905802547602862
0.6872479980134435
0.6822427664639157
0.6810230939788927
0.6819499663910235
0.6797834904394777
0.6782461875689505
0.6763266229755944
0.674958479885568
0.677035275676653
0.677437608286858
0.6773706402944563
0.6778903385972981
0.6764763218251549
0.6745564331171883
0.6757466680301555
0.6778843496034088
0.6791196811182657
0.6787846649968252
0.6786187333216245
0.6762401232947473
0.6767610785280858
0.6773826231140138
0.6778343178309967
0.6780712844078595
0.67759789334774
0.6759173567388845
0.6750568303251793
0.6754387220397843
0.6749420064155258
0.6739388808431412
0.6723335237714337
0.6706369255511168
0.6698802173580598
0.6709203190736565
0.6708740375738997
0.6716323334294213
0.670781342722681
0.6693637390693767
0.6681485810731672
0.668402516445468
0.6682158882469176
0.6678337370202285
0.6670453936611802
0.6643032885771964
0.664637117542246
0.6658294880563203
0.6657895397830758
0.6656566606871922
0.6645124348010271
0.6638504010789237
0.6636776340657128
0.66569790308414
0.6671743057120852
0.6685660630034446
0.6679531188239307
0.6655623416048362
0.6608732076558222
0.6616121115041732
0.6616454012121638
0.661474353251309
0.6616374091502718
0.6607892925651655
0.6600300118946925
0.65979864427895
0.6600875066586492
0.6599185616921432
0.6597095531862045
0.6576276699469362
0.6567761292241523
0.6577772083397545
0.6578706630274562
0.6586523606202552
0.6588971295344997
0.6556125913524837
0.656702006489362
0.6574287961831102
0.6583049179402772
0.6592311323054003
0.6604346915898642
0.6565581155633817
0.6526598586561098
0.6522112134140545
0.651715581014326
0.651582138478755
0.6518819726776123
0.6500474046075511
0.6495812661627773
0.6497734927317513
0.6500255054530775
0.6498822684159382
0.6499931015684128
0.649174220201757
0.6488268974345737
0.6497392272583538
0.648786652401649
0.6487586460844045
0.648459958688238
0.6481297269657987
0.64788871852416
0.6483901670235213
0.648049938511499
0.647261112814638
0.647152443193309
0.6469370741441518
0.6472092856065117
0.64774658267942
0.64791692097382
0.6470846934372158
0.6470483805671166
0.6463991005986535
0.6448857904446808
0.6451518019834623
0.6445023185198898
0.6439410360250262
0.6440356588697422
0.6434340222823468
0.642107686885696
0.6424822015205067
0.6413854646103332
0.6416853792844568
0.6427646156727365
0.6416927191925045
0.6405906002878607
0.6395795025925742
0.6390863199237933
0.6398995006383464
0.6394579386181185
0.639451541721926
0.6377990453338735
0.6371105491374768
0.637591309543747
0.638029628746213
0.6376118862139702
0.6375513915679398
0.636556435143936
0.6364969985614355
0.6354809080382238
0.635239902600638
0.6350330512695522
0.6347081751105622
0.6335974627893135
0.633077567203183
0.6335414086943627
0.6333133889264848
0.6334312301286062
0.634145292274455
0.6330552218020127
0.6316203284218253
0.6314293064518502
0.6315534189905805
0.6317763224620182
0.6323360755923063
0.630613959829056
0.6298909752163148
0.6301065479885837
0.62998610041879
0.6295444037062433
0.6300509697049888
0.629963966325845
0.631933832020845
0.632386811397034
0.6311426643544304
0.6314280235904582
0.6308617277322764
0.6291844567083675
0.6241768608156095
0.625293609802585
0.6215505463953862
0.6215753868691335
0.622099072052669
0.6220646099655277
0.8909367972345047
0.8641219360129664
0.8462594013928619
0.8344581074612943
0.8241786931110164
0.8184067291406845
0.8145514517665873
0.8103574166337445
0.805845457330842
0.8032875239342898
0.8002419608085946
0.7968041923803327
0.7938223826788585
0.7926509163577925
0.792029298829131
0.7891380016897298
0.7863563521328503
0.7840581732824423
0.7823546547630738
0.781213217919158
0.780320586841032
0.778347076365302
0.7761593759612287
0.7755637170587437
0.7754765506456902
0.774191669084136
0.7722557032149087
0.770604835459624
0.7702830102113195
0.769226587015099
0.7681434133747428
0.76837604847481
0.7658372355722747
0.7643910939053435
0.764231121963744
0.7636912027151219
0.763054970727009
0.7621471997555193
0.7598164494515005
0.7596623644356633
0.7591452278463048
0.758750372484705
0.757222211296612
0.7575123206685818
0.755771284153895
0.756085268195958
0.75497204472936
0.755290697424517
0.7540575782210228
0.7539723751982053
0.7526481180622208
0.75163291782892
0.750537701651838
0.7502259351470946
0.7497627052734065
0.749102399113083
0.7477605129624048
0.7463505794507348
0.7462617487595342
0.745790785508981
0.7450177679247114
0.7451575250956844
0.7439004520355107
0.742593156704024
0.7415657810511173
0.7405129583473216
0.7421262118442545
0.7416887533540499
0.7419639570229533
0.7405982182238905
0.7400527475356633
0.7395815066503842
0.7397016133344333
0.7389524704525845
0.7379662135750565
0.7376283322424679
0.7379253072765557
0.7387688745136055
0.7378008174576758
0.7361437901044943
0.735639726795345
0.7345981748198935
0.734267854898442
0.733490147292477
0.7348251347378201
0.7337021063489058
0.7325563128643673
0.7278792217087855
0.727334956209702
0.7271452638651106
0.7275516846524137
0.727972485404174
0.7285832069370065
0.7257298574434492
0.724813620302613
0.7249972076731055
0.7243594300476505
0.7258671296449445
0.7245760478139558
0.7229616536305112
0.7218684730161568
0.7233192527172828
0.722776370579931
0.7229602429882375
0.7240905445396633
0.7228337457119409
0.723033174790212
0.7230622993501463
0.7247096263416185
0.7217879149851788
0.7189706905904985
0.7174844577789727
0.716139062676759
0.7155659302408433
0.7165113367503587
0.7185133645098152
0.7163705780850518
0.715413905175982
0.714297851410442
0.7138032209278955
0.7154535994859492
0.7156654008973015
0.7146529999511093
0.7126265586561837
0.7125849199701305
0.7121685111868865
0.7129883956322247
0.7145600653603454
0.7145398214667545
0.7128324822866537
0.7125715429184065
0.7127003358614817
0.7120450031147543
0.7121100994690892
0.7118064076817302
0.7107159531866387
0.7104215873103146
0.7100762024910188
0.7092672043813063
0.7103026479503318
0.709181955816164
0.7087199763173108
0.7082109161765102
0.7080826946043127
0.7078376883014897
0.7084663768477657
0.7077282001644563
0.7062841390606343
0.7058737560015143
0.706084099989849
0.7058673298713687
0.7056531609634502
0.7048144679152918
0.704301120205286
0.7027775578422862
0.7028794966868717
0.703282881906149
0.7049188986995267
0.704609342737505
0.702937310249827
0.7033165242873195
0.7007262081676268
0.7006666548190973
0.7007871130098551
0.7016077145551153
0.6999267267287455
0.6989429106720293
0.6980556451801301
0.697909479025375
0.69880646285252
0.6985458511112745
0.6967572148840795
0.6956722627507103
0.6946320430534578
0.6938527915630135
0.6974997416958593
0.6965989460705865
0.694516588207848
0.6943720487426128
0.6934521422383957
0.6931869033868037
0.6951148300786333
0.6949895775963573
0.693208283841399
0.6919334421863548
0.691705917123869
0.692570694787332
0.6955695959359582
0.6964985097716555
0.6950029534103079
0.6938150589469589
0.6938014749903776
0.6928892960189625
0.694977331151751
0.6946919423556752
0.6889671372561558
0.6875336142539132
0.6846759966943967
0.6823929346769227
0.686653759196599
0.687306002653653
0.855838012337449
0.8332008757771797
0.818182805698268
0.8077918630013994
0.8055303089727932
0.801739983115642
0.794729127279705
0.7902176740677087
0.785880053584777
0.784131534358798
0.787306613251909
0.7861928197400405
0.7827384777093888
0.7807022454930838
0.7796769656061375
0.779527185414939
0.783644992697322
0.7819281833248349
0.7783008085033727
0.7760916809352882
0.7769317587285357
0.7804830333654185
0.7821751921393287
0.7792274308713478
0.777538174451945
0.77536573023352
0.7756161257954163
0.7777337669857878
0.7754656813177945
0.7708772236934875
0.7665872377374867
0.7627642410919933
0.7671077734608333
0.769725493319914
0.855838012337449
0.8332008757771797
0.818182805698268
0.8077918630013994
0.8055303089727932
0.801739983115642
0.794729127279705
0.7902176740677087
0.785880053584777
0.784131534358798
0.787306613251909
0.7861928197400405
0.7827384777093888
0.7807022454930838
0.7796769656061375
0.779527185414939
0.783644992697322
0.7819281833248349
0.7783008085033727
0.7760916809352882
0.7769317587285357
0.7804830333654185
0.7821751921393287
0.7792274308713478
0.777538174451945
0.77536573023352
0.7756161257954163
0.7777337669857878
0.7754656813177945
0.7708772236934875
0.7665872377374867
0.7627642410919933
0.7671077734608333
0.769725493319914
0.8448986473022883
0.814614522107347
0.796792431263458
0.7862401194556224
0.7790582883866944
0.7728603734395035
0.7683338741808583
0.7634960245076285
0.7590024566339387
0.7564985552570125
0.7557694537064863
0.7533322564807154
0.7521419322770113
0.7494081386280275
0.7476736978987157
0.7473221654353455
0.7475262307779412
0.7435978150209952
0.7427506521057125
0.742317529793284
0.7401291407812115
0.7392658951235977
0.7391371049695434
0.7374082688055043
0.7362469758923
0.7356241836314212
0.7358394056148743
0.7363647391546148
0.7370756187606915
0.735795586015075
0.7333518534962227
0.7315649794111148
0.7304474642957255
0.731243035141096
0.73135653651922
0.7300466315915533
0.7282282965030042
0.727068655798106
0.727326266359149
0.7295066149550125
0.7286967159722327
0.728725222246816
0.7271303193834847
0.7268502654624622
0.727481763070329
0.7280532716396645
0.7281748694094657
0.7256407116136767
0.7225295024371461
0.7225150100351659
0.7218966818712768
0.7229296535459308
0.7234630300065147
0.7223820065565745
0.7202972429652745
0.7203763890657737
0.7203705036653628
0.721610131278727
0.7205505210778764
0.7197803485500862
0.7184957442992222
0.7177146753371233
0.716175004240365
0.7193710439718463
0.7189929318008227
0.7184496886717701
0.7166710756908318
0.7160348937191537
0.7160396826756166
0.7172407688820945
0.717258637789863
0.7161501421669317
0.714848798308977
0.7128037974899505
0.712258376740604
0.712374868608348
0.7119133206600723
0.7108967344730792
0.710278288166153
0.709568250654518
0.7088695133682132
0.7083113694380867
0.7078422087239362
0.7069802342963637
0.706173240799861
0.705098615567176
0.7044919500851747
0.7039670315729247
0.7023616400119782
0.7013558301914422
0.699397523975967
0.6983686034486243
0.697829996126005
0.6959984040657773
0.6951278950659552
0.6926339588947402
0.6907957148570593
0.6891487361865035
0.6878218715467982
0.6859052561041192
0.6847135235937445
0.683256706038581
0.6806154918634627
0.6787587864786367
0.6779396852074611
0.677354776659288
0.6746309414972935
0.6726472582483087
0.670451160267406
0.6683416434986222
0.666358372619354
0.6675868192403047
0.6654964247180828
0.6647466989401493
0.6623638443282333
0.6611773101271841
0.6599075644495233
0.658735947175259
0.6596463409897595
0.6572237933348345
0.6557233998076122
0.6529532825731278
0.6520603068210498
0.6508158937768095
0.6510849982591635
0.6491896778309607
0.6478934004532599
0.6465144514472757
0.6451260107108541
0.6438646165506052
0.6441430532063915
0.6438323927255195
0.638463636445002
0.6361136012283837
0.6353205484307926
0.634426696327804
0.6347703166654808
0.6327674503432708
0.6296491097448148
0.6264952722324902
0.6248421601246195
0.6225506591565557
0.622487474966261
0.6214302111809737
0.6196190736919405
0.6165379288410725
0.6140297882367445
0.6121885438101775
0.613117231765186
0.6126885780930528
0.6119239564630927
0.6075686049556728
0.6064431659264883
0.6022626425474382
0.604917351661195
0.6023919331249658
0.5951435380142748
0.5915002300101597
0.5880227180947415
0.5855837091422187
0.5847481674850246
0.5863110563804834
0.5852136935425125
0.5808908769100293
0.5771348221757255
0.5737419350452
0.5721125254132178
0.5712899271856302
0.5703075148747343
0.5672735357981578
0.5634907367048583
0.561049307569228
0.558857375535234
0.559556326945411
0.5572966906195325
0.5543897208555215
0.551706340275297
0.5497913057602455
0.5471549873305113
0.5458653888999833
0.5457555779445973
0.5403295092697787
0.536436266770034
0.534251211326991
0.5317024889187177
0.5305993031723555
0.5286053444969278
0.525048992264652
0.5235742766006577
0.5214283463448105
0.5209775966122198
0.5188909893643805
0.5166402474867607
0.514675808723948
0.510833034412628
0.5088548209276628
0.5067595791878068
0.5073127841908033
0.5080369573197785
0.5017221891012922
0.8448986473022883
0.814614522107347
0.796792431263458
0.7862401194556224
0.7790582883866944
0.7728603734395035
0.7683338741808583
0.7634960245076285
0.7590024566339387
0.7564985552570125
0.7557694537064863
0.7533322564807154
0.7521419322770113
0.7494081386280275
0.7476736978987157
0.7473221654353455
0.7475262307779412
0.7435978150209952
0.7427506521057125
0.742317529793284
0.7401291407812115
0.7392658951235977
0.7391371049695434
0.7374082688055043
0.7362469758923
0.7356241836314212
0.7358394056148743
0.7363647391546148
0.7370756187606915
0.735795586015075
0.7333518534962227
0.7315649794111148
0.7304474642957255
0.731243035141096
0.73135653651922
0.7300466315915533
0.7282282965030042
0.727068655798106
0.727326266359149
0.7295066149550125
0.7286967159722327
0.728725222246816
0.7271303193834847
0.7268502654624622
0.727481763070329
0.7280532716396645
0.7281748694094657
0.7256407116136767
0.7225295024371461
0.7225150100351659
0.7218966818712768
0.7229296535459308
0.7234630300065147
0.7223820065565745
0.7202972429652745
0.7203763890657737
0.7203705036653628
0.721610131278727
0.7205505210778764
0.7197803485500862
0.7184957442992222
0.7177146753371233
0.716175004240365
0.7193710439718463
0.7189929318008227
0.7184496886717701
0.7166710756908318
0.7160348937191537
0.7160396826756166
0.7172407688820945
0.717258637789863
0.7161501421669317
0.714848798308977
0.7128037974899505
0.712258376740604
0.712374868608348
0.7119133206600723
0.7108967344730792
0.710278288166153
0.709568250654518
0.7088695133682132
0.7083113694380867
0.7078422087239362
0.7069802342963637
0.706173240799861
0.705098615567176
0.7044919500851747
0.7039670315729247
0.7023616400119782
0.7013558301914422
0.699397523975967
0.6983686034486243
0.697829996126005
0.6959984040657773
0.6951278950659552
0.6926339588947402
0.6907957148570593
0.6891487361865035
0.6878218715467982
0.6859052561041192
0.6847135235937445
0.683256706038581
0.6806154918634627
0.6787587864786367
0.6779396852074611
0.677354776659288
0.6746309414972935
0.6726472582483087
0.670451160267406
0.6683416434986222
0.666358372619354
0.6675868192403047
0.6654964247180828
0.6647466989401493
0.6623638443282333
0.6611773101271841
0.6599075644495233
0.658735947175259
0.6596463409897595
0.6572237933348345
0.6557233998076122
0.6529532825731278
0.6520603068210498
0.6508158937768095
0.6510849982591635
0.6491896778309607
0.6478934004532599
0.6465144514472757
0.6451260107108541
0.6438646165506052
0.6441430532063915
0.6438323927255195
0.638463636445002
0.6361136012283837
0.6353205484307926
0.634426696327804
0.6347703166654808
0.6327674503432708
0.6296491097448148
0.6264952722324902
0.6248421601246195
0.6225506591565557
0.622487474966261
0.6214302111809737
0.6196190736919405
0.6165379288410725
0.6140297882367445
0.6121885438101775
0.613117231765186
0.6126885780930528
0.6119239564630927
0.6075686049556728
0.6064431659264883
0.6022626425474382
0.604917351661195
0.6023919331249658
0.5951435380142748
0.5915002300101597
0.5880227180947415
0.5855837091422187
0.5847481674850246
0.5863110563804834
0.5852136935425125
0.5808908769100293
0.5771348221757255
0.5737419350452
0.5721125254132178
0.5712899271856302
0.5703075148747343
0.5672735357981578
0.5634907367048583
0.561049307569228
0.558857375535234
0.559556326945411
0.5572966906195325
0.5543897208555215
0.551706340275297
0.5497913057602455
0.5471549873305113
0.5458653888999833
0.5457555779445973
0.5403295092697787
0.536436266770034
0.534251211326991
0.5317024889187177
0.5305993031723555
0.5286053444969278
0.525048992264652
0.5235742766006577
0.5214283463448105
0.5209775966122198
0.5188909893643805
0.5166402474867607
0.514675808723948
0.510833034412628
0.5088548209276628
0.5067595791878068
0.5073127841908033
0.5080369573197785
0.5017221891012922
0.49790645992279126
0.49597041217533777
0.4939154471407573
0.493956668475119
0.49282976835454295
0.49036334271808196
0.4869374207395665
0.4872343483718232
0.48438744107742276
0.48288752214885255
0.48179743745282455
0.4804390372582968
0.8326355597894558
0.796774915604931
0.7760672924822595
0.762972203654861
0.753363818594339
0.7456107889037977
0.741921139102152
0.7380662152678921
0.7345964096836817
0.729981428394742
0.7247956910597807
0.7217678931789405
0.718909658157847
0.7169751180365248
0.7147739751071508
0.7110902114204405
0.7089579923912257
0.707657490298377
0.7068527684222335
0.7055793831220842
0.7041683595225432
0.7016955535091083
0.6983063739045046
0.696908637654856
0.6940996087386663
0.6916438967935767
0.6890126863818062
0.686336828432465
0.6832121207590942
0.6820173365130742
0.681215704652924
0.6797418034733452
0.6789229946776087
0.677078805992264
0.6748981613554312
0.6735927241252575
0.674318619440036
0.673798498792034
0.6729795362438422
0.6701578160766715
0.6688804163247111
0.6677573804127795
0.6681301642995843
0.6679311749595123
0.6683732722726617
0.666959955453873
0.664863431966686
0.6630785689359014
0.6627070971419022
0.662833820125749
0.662728930819712
0.6625919731250638
0.659561677291192
0.6589320618566512
0.658665343575817
0.6588616651196157
0.6583923642503312
0.6573349673492863
0.6554224867693365
0.6555329680441757
0.6561494996956385
0.6558245453129452
0.6559743351996852
0.6561650905063515
0.6533945269143947
0.648870145904298
0.6489559627193138
0.6486510894680018
0.6479490059894345
0.6484804594718401
0.6472620359709953
0.646137211565261
0.6451110799424278
0.6447417036655002
0.6443921152071318
0.6439629147055734
0.641975582968712
0.6408998648769693
0.6397783055910735
0.6393427348984402
0.6386644664972747
0.6393241690290242
0.6371344408534142
0.6373584804940224
0.6376312944726304
0.6361365225216435
0.6353715304711565
0.635978572285324
0.6329126504917247
0.6257486076803742
0.6191122068216
0.612867918541083
0.6072415004334553
0.5950277115970717
0.5826644519898845
0.5646721126439528
0.5441662132228218
0.5233602973669791
0.5053968323142263
0.4903989730821393
0.48018764598455405
0.47219446009173927
0.46667880933456474
0.462617717734782
0.459454326224889
0.45606299159809777
0.4528933936140377
0.44999634965478047
0.446928515952958
0.44404912607065905
0.44198548768672924
0.4393562863817323
0.43736765759882423
0.4344026703468325
0.4322756631278673
0.4302508392669573
0.42793851144255546
0.4262991144423375
0.4242612870098747
0.42275887178641425
0.4205968345234868
0.41826713896361445
0.4171757247147353
0.41535094269399647
0.41399669173374154
0.41232556601279596
0.4103805139547985
0.40801054312988877
0.40591912115702095
0.40525275309255404
0.4037828928408628
0.40304979601212604
0.40123966561165875
0.3984016146392295
0.397233073644681
0.39626435701051277
0.39520884859547123
0.39447357347169476
0.3943630053663675
0.392050449208271
0.7876202310627077
0.7542878573401455
0.7361187925183398
0.7254090602582187
0.718819216382811
0.71183967604936
0.708569596476512
0.7034731006579817
0.6990379592868917
0.6947116803699918
0.6936104608840092
0.6911147382206915
0.686593978108565
0.6817425432645595
0.6808348598196028
0.6785407568405575
0.6798203430158497
0.6796348152520495
0.678157083552445
0.673837000378216
0.6735830406254768
0.6730855388735237
0.6732082228125248
0.6745383405368159
0.674525500929197
0.6739751458718612
0.6707646360680153
0.6699566243010512
0.6744823504698638
0.6706885104802348
0.6633059629269705
0.6533207866005155
0.6486133225089488
0.6446304724922187
0.6459740098237895
0.645689658817259
0.9882983572929485
0.9778534275907942
0.9693960410006521
0.9618335187291468
0.9575963234107971
0.953045072816647
0.9503819979930036
0.9453398798082135
0.9446445181742986
0.9423721419901522
0.9391840871709836
0.9361534079528285
0.9334127333419378
0.9336078891587258
0.9318734739155641
0.932759658788649
0.9278292277469531
0.9245902334243137
0.923108075859387
0.9227364258826887
0.921730546565057
0.9191631279829753
0.9165030200019647
0.9140669853780963
0.9143925143744995
0.9117335645831
0.9131159080843393
0.9093776917348635
0.9065354317955435
0.9048516764773584
0.9036169206317369
0.9006746486396574
0.901554456057104
0.8992536491858367
0.8969206354053917
0.8954121003881232
0.8941089438810985
0.8924211355078185
0.8907423998665186
0.888527328369723
0.8870172690962038
0.8874004018227046
0.8860712744729151
0.884340327379609
0.8805390454190997
0.878734306135253
0.877681212788137
0.8776815094658454
0.8765389682748337
0.8744851705864894
0.872083620006244
0.8704074695565753
0.8707766020143957
0.86940547655896
0.8680897460420492
0.8653682093337695
0.8635693082776814
0.8621276237555409
0.8624884979670094
0.8615349592038269
0.860293679134115
0.85780230848608
0.8563739500894112
0.8549855564597564
0.8552870627581701
0.8542729534556279
0.8529131573501363
0.8501915769671526
0.8491264997772214
0.8475547716564715
0.8468921374078558
0.8457599092821443
0.8444299676542917
0.8431100724144409
0.8417828640383516
0.8404722182174581
0.8402380900338585
0.8388022391824288
0.837062499235685
0.8355782616909023
0.834286814400439
0.834940543028049
0.8345088642786888
0.8332454556601524
0.8304590610509122
0.8290920652142747
0.827556075170634
0.8279653794972001
0.8273066564672484
0.8262274407833106
0.8237360794074702
0.822309134320619
0.8210795144642725
0.8218520571679122
0.8209748531704999
0.819696757661681
0.8166249937641892
0.8150564928271713
0.8138878194725464
0.8143374624100798
0.8139078227302328
0.811897381513489
0.8092509668638446
0.8082112701252621
0.8080674552538666
0.8078007159083883
0.8068322601247793
0.804729547974649
0.8020988299018009
0.8006413673874537
0.7995593610984497
0.7985231111680553
0.7975642882160613
0.795904341262087
0.7950538909983325
0.793745062057856
0.7925347078644117
0.7925210237547142
0.7916259359045348
0.7900875421992717
0.7891286756818567
0.7875796677190675
0.7887157841580285
0.7882039274659167
0.7878147389611667
0.7854091947641055
0.7835792528261503
0.7825437057232649
0.7834980620609288
0.7835353653718528
0.78253102705645
0.7802371661006617
0.7785310974839308
0.7771643280707148
0.778162489589352
0.7782153985736215
0.7777294778922286
0.775296180889586
0.7733014358303707
0.7720352621703477
0.773019943707784
0.7728280393259682
0.772780293478722
0.7703913972294181
0.768472108322631
0.7671810187858157
0.7681262012233627
0.7683248439368573
0.7684000924703079
0.7663184085565791
0.7641816108203681
0.7629945384223298
0.7618974852341328
0.7636381192636398
0.7628497934261743
0.7599912763801893
0.7586923601057163
0.7573022914519745
0.7558439849931515
0.7557819513569826
0.754776007119931
0.7530949647264905
0.751595123500274
0.7503431920813453
0.7517322685726797
0.751179166478252
0.7508097541919597
0.749928696636179
0.7471016235010149
0.7455421863892233
0.7445675732557192
0.7457458002423283
0.7450520948960943
0.7443276612217795
0.741382293928793
0.7401106198924492
0.7386690541362433
0.7402379297529638
0.7403479444784168
0.7395369815831717
0.7360815163446113
0.7344452212248592
0.7328581235679202
0.734125681389916
0.7343763053135876
0.7336463770620034
0.7306551367071785
0.7292521673419847
0.7281950151529311
0.729091074806913
0.728543671735519
0.7281548059342164
0.7255984814958245
0.7238402530050065
0.722527414295981
0.7217702491161028
0.7209886033275605
0.7206121049225598
0.7190957041749313
0.7177571644238687
0.7162950691948048
0.714973696182824
0.7145970319867453
0.7142306503184208
0.7130102510857262
0.7119124051922583
0.7111659133440112
0.7103514401658703
0.7121757973935448
0.7122112354461363
0.711819503341464
0.708446559761408
0.7070105069395395
0.7058287090103162
0.707048257072215
0.7063674511765687
0.706067002212492
0.7036375789654618
0.7029279851165555
0.7014035124501867
0.7022830143632255
0.7018584760272762
0.7013692805441635
0.6997113608725337
0.6976576957222724
0.6965033366376865
0.6951365840682885
0.6965667235539122
0.6963277745617552
0.6953293936391297
0.6918901057631075
0.6906751911092656
0.6892587626721706
0.6906879213708342
0.6902051936112514
0.6904548653969662
0.686758620946768
0.6849519082046724
0.68364029089275
0.6826944520138107
0.6830955697162208
0.6829839949967073
0.6805214334964225
0.678937328561688
0.6775154974604927
0.6760831517557453
0.6759367344182763
0.6754014532661112
0.6735240221032993
0.6721546597649257
0.670242990062449
0.6700108242256375
0.6708417604806367
0.6704433004917995
0.6689822166267613
0.6654885546303639
0.6646222311746273
0.6625978428089565
0.6637992019492465
0.6632812458215815
0.6622953239132879
0.6598273935799168
0.6576994722907378
0.6560546513601403
0.6557578641394081
0.6557971654622817
0.6542483844172697
0.6527086935287165
0.6488932652031998
0.6474275368986225
0.6453952425795537
0.646677698351436
0.6450653787316638
0.6433002927855592
0.6409173581840623
0.6383570759179855
0.6359031155369865
0.6363066376379433
0.6339925970319434
0.632587304529191
0.6301253439417633
0.6279739618868305
0.6257375477334983
0.622981071568257
0.6230694512267543
0.6207880997681723
0.6177314062400395
0.6144691602673007
0.611948303710482
0.6087272539896662
0.6070879413623492
0.6058643096474443
0.6038204661270568
0.6000628907915531
0.5871674982527411
0.5873475986156153
0.5883417262223343
0.5744487514805265
0.5641357019702485
0.5486661660655863
0.533074031476338
0.5216987986017327
0.5150996448043933
0.5046509174267875
0.49689607468745
0.48922534458426403
0.47559074409270696
0.4672456681484857
0.4574995842999037
0.452645287956026
0.44515011712653924
0.43418623527124145
0.4270051195001387
0.41920174650465647
0.4108225025733835
0.4056926504900402
0.40298973337928945
0.3977332085500615
0.392409250686466
0.3847227170446395
0.379409725674417
0.3738100297690178
0.36949851446222703
0.36812812618853247
0.364240943083636
0.36112494053871397
0.9935402868925083
0.9793448821939373
0.9663820996862638
0.9556517799821863
0.9467863146273492
0.9398129858779798
0.9340476860603137
0.9299967360921221
0.929763164505643
0.9269348535654803
0.9220921121332488
0.9179339397501749
0.9149944920355265
0.9166547317366922
0.915271602883189
0.9136595250784986
0.9084381544472693
0.9056158773515399
0.9058644673760631
0.9067567771485667
0.9060103698043094
0.9026660599030605
0.8995531305544218
0.8978229484965018
0.9007690240621875
0.9001861747739464
0.8996080027929748
0.8952911532090722
0.893192149557378
0.89135510093247
0.8905303851050702
0.8893205815278042
0.8879173587495902
0.8866874163745029
0.8854860278635872
0.8844144962046533
0.8857080908906825
0.884594639975262
0.882794633906714
0.8819199154650663
0.8827536729512537
0.8851739975558919
0.8852256027334221
0.8842368044907569
0.8795130590523719
0.8779891399417888
0.8798648552741595
0.8799246094653969
0.8797745159362054
0.8756960878869393
0.8733624760232928
0.8718914049919457
0.874430653717889
0.8743284282403311
0.8734610065287173
0.8688717566412908
0.8670875612423792
0.8661319944274393
0.869675261621316
0.869405802949087
0.8671924077320522
0.8639258388984267
0.8624912750939462
0.8654913118475195
0.8652551794023093
0.864916646231238
0.8616441609565632
0.8600973200311138
0.8586616460028861
0.8582595605936698
0.8581590623232829
0.8574185578643265
0.8552766995131602
0.8544279566756563
0.8530689517164862
0.8545019588217098
0.8540283332113905
0.8518432935717678
0.8501591993752695
0.8485068368139904
0.8516772551888785
0.8516459101694622
0.8510712833342977
0.8473461094935197
0.8457469474955239
0.8446635969284699
0.8480647008842144
0.8490614803825896
0.8479648737255945
0.8439375845119284
0.8419977928871363
0.84087222663836
0.844708129563587
0.8441961875178972
0.842488585781912
0.8375500227033206
0.8364484005123559
0.83784430784216
0.8383800194792116
0.83831836254867
0.8344067131658438
0.8315171097378313
0.8293344346534836
0.833036079020226
0.8327807400050901
0.8326297144216962
0.8277500540598673
0.8261720499389753
0.8244561712173135
0.8233491337461689
0.8224717915020312
0.8213266657863292
0.8201758724511681
0.8183363476091801
0.8170335078589661
0.8172162142621249
0.8180113925999437
0.8162114257960624
0.8147413513841837
0.8130753055307496
0.8166555764662432
0.8174713301058025
0.8183071907282405
0.8160893112362549
0.8115380391332108
0.8097871371424142
0.8129792046128477
0.8145591812628112
0.814184447781319
0.8104080801234337
0.8070451679162669
0.8049043663942548
0.8088533348778834
0.8100902169066325
0.8103160973765686
0.8049826810703813
0.8028637865801288
0.8011703456759023
0.8056506325363586
0.8089254169919128
0.8070611514905618
0.8012228701561505
0.7990269480778169
0.7977805047787467
0.8026646943772857
0.80422254253878
0.8039337642148338
0.798139080406062
0.7968003903728065
0.7956889461114045
0.79695618503739
0.7998977065328815
0.796118852970399
0.792966856114281
0.791130283866162
0.7887643977938862
0.7902383489335693
0.789697947279846
0.7869922242742953
0.7844887542950735
0.7828287482382043
0.787088752788522
0.7872205104626655
0.7886585321567435
0.7865275487209316
0.7818701274330773
0.780068815276167
0.7811887536588464
0.783772969777266
0.7833005632452645
0.7815169453885182
0.7769418558070708
0.7764202826365048
0.7774446176873727
0.7808818372231375
0.780739450555758
0.7771283829761075
0.7731210752361187
0.7709402820590661
0.773128422421423
0.7761324201741948
0.7758056629743052
0.7725781155211238
0.7687986981286462
0.7669849684937795
0.7696861598527487
0.7704545048241828
0.7705541174837968
0.7670523369514678
0.7637252757199707
0.761638823859427
0.760046422623741
0.7606403452119722
0.7605951137110927
0.7574448954595254
0.755409272246043
0.7534928197787172
0.752038645729392
0.7532473217225932
0.7527641832983549
0.7509438528068323
0.7493790602968542
0.7482240854052545
0.7531657721404272
0.7558500256235343
0.7558672804659208
0.753620514655547
0.7489546678532599
0.7472983813552445
0.7487406275346873
0.7508143266530898
0.7509472866796387
0.749008520049265
0.7451836841308273
0.7437487789625062
0.743426029288069
0.7469308741894529
0.7478872037807363
0.7479252178027258
0.7437721453310545
0.7416353043635375
0.740424260911825
0.7444062993216305
0.7447905626599838
0.7447351476944507
0.7381152460108638
0.7362855663672561
0.7349587334284893
0.7398413939820182
0.7405821620258537
0.7405049332086563
0.734886715808031
0.7330537749261845
0.7307682683194265
0.7314344267726377
0.7333901377109527
0.7324837961988451
0.729573178532728
0.7271891575207612
0.7263157484565628
0.7251119899862722
0.7271872340373136
0.7266181229981743
0.7235098818697192
0.7215297310532788
0.7194366009201796
0.7247444555361643
0.7265253568527534
0.7255287475014782
0.721305589998934
0.7194232969152128
0.7177602390657845
0.721419064440897
0.7216187095333402
0.721590727903737
0.718729896559874
0.715959065448994
0.7147894543225822
0.7162725711880165
0.7187777221717617
0.7185879819106518
0.7152999262884252
0.7109686558113301
0.7094066864148773
0.7076566636688978
0.7133953430668301
0.7115335865694677
0.7122458341588442
0.708302337119473
0.706275608191957
0.7035870070373
0.7092969537826328
0.7079434771524535
0.707131184120188
0.7039144740060059
0.701917462102339
0.7008872556256496
0.7004783413794305
0.702316771250048
0.7017761345605218
0.6981264504451008
0.6964175165744138
0.6948456594912215
0.6930238741807411
0.6954204879364765
0.6959981016392605
0.6925637166387559
0.6895984884789892
0.6875400607489686
0.6935732457337813
0.695835302672831
0.6956954558162696
0.6935357662893715
0.6892542427242285
0.6881463372406648
0.688967049128406
0.6899062363426958
0.6885750520451017
0.6919129071287993
0.6851042023717879
0.6834377415666798
0.6813226690959919
0.68683172009539
0.6867963340596415
0.6833211368834503
0.6790997090645577
0.6784286972650317
0.6762517842743035
0.681198943797122
0.6800500498407255
0.6806045217358285
0.6770264092960573
0.6748140469214128
0.6734265722097186
0.6764118799694703
0.678040390121863
0.6780951939244375
1.0467665787571583
1.038227315568427
1.0334917934788612
1.0295260189483018
1.025646468785572
1.0224850516764752
1.0198757615811869
1.0186095559243413
1.0171211358765189
1.015003262651011
1.0126129205254628
1.0108423107246087
1.0101156838468017
1.0086622393630675
1.0074699349935636
1.0049427442868761
1.0032952257452115
1.0026432479104763
1.0021327519592858
1.0007942347968435
0.9974656887621443
0.9959663906890119
0.9963598405945447
0.9964546622616988
0.9953274434777777
0.9938233292566938
0.9922384509055158
0.9910515236907325
0.9906360410199255
0.988940176725781
0.9876240298807246
0.9875475291734374
0.9869697636397801
0.9863264039285781
0.9858237306064914
0.9842529040114846
0.9837955641130863
0.9828608687773516
0.9834249838755105
0.9822576717585253
0.9808495204497966
0.9791939279513372
0.9775548029626406
0.977351667712773
0.9763932948811428
0.9759605669906858
0.9752948340766597
0.9745420612462045
0.973716709673563
0.9728007359389925
0.9717307254977128
0.9699087700113722
0.969753053709612
0.9687182452792396
0.9685507450812437
0.9678332021047706
0.967005581267814
0.9656703061286198
0.9651709038320325
0.9649377001288952
0.9649799426617734
0.9644598485365565
0.9626039225026031
0.9617786617638584
0.961324432596979
0.9612897836336864
0.959632807126192
0.9579541549688113
0.9570189487610291
0.956481068379509
0.9567200546596644
0.9561328803624173
0.9548825368529753
0.9537052013652062
0.9527197463477425
0.9530389893511246
0.9526320781812551
0.9520395615867615
0.9506946924601012
0.9493944097694695
0.9495993359637577
0.9503374822576515
0.9490635498903284
0.947434065191555
0.9459994859482874
0.945297989744048
0.9458187205479938
0.9454317971017645
0.9445656779594203
0.9421879461640159
0.9414060538317232
0.9412665029941998
0.9401561317565805
0.9395769484472802
0.9372121603436053
0.9362185279617632
0.9351964029203087
0.9358891610949011
0.9352638425812829
0.9337663763066393
0.932201604173479
0.9307710010504193
0.9300402513476375
0.9296865078862073
0.9285757292921071
0.9272934222315034
0.926264008213107
0.9276459447043935
0.925797023530845
0.9253620646351729
0.9234386522357942
0.9225117772173972
0.921137247718675
0.921547474367513
0.9208212813726115
0.9203124267925787
0.918018323797914
0.916517124490927
0.9151844997933599
0.9156640211825582
0.9150979846121899
0.913087054952792
0.9111167472026602
0.9095087112052495
0.9099485358341122
0.9103877068861428
0.9093205199172543
0.9070952916424007
0.9057589374740072
0.9046637476696334
0.9050577373483877
0.9054754492973011
0.9034168646180548
0.9018770850711615
0.9004068404891674
0.9013167295097577
0.9013717330170303
0.9008445497086625
0.8990135804666615
0.898066871235922
0.8969478216194997
0.8972791293446338
0.8966819529555938
0.8947066386755755
0.8934562069387745
0.8920394237466069
0.8906453655127302
0.8908169701116145
0.8897937855414492
0.8881501146532047
0.8870397687745945
0.88586215543746
0.8863101544384531
0.8865773112133531
0.8854121053983794
0.8831811667313467
0.882165996005142
0.88255548607858
0.8822386699877519
0.8817730151762534
0.8801846594577996
0.8790399107776119
0.8779722588150873
0.8784009068186128
0.8787445602451738
0.8773269206706367
0.8753762381172384
0.8741949930242321
0.8731309611143004
0.874346620965162
0.874012176855141
0.8725266897066435
0.8711800538239917
0.870068452349197
0.8701070229169308
0.8701137607372811
0.8692562148034508
0.8677899013730259
0.866378435803032
0.8652552797918757
0.8643371393389814
0.8641984925737279
0.8629355473744498
0.8616949528992007
0.8607117218826611
0.859373020145352
0.8591908483392816
0.8583918191726456
0.8574504459333635
0.8564190148278558
0.8554091586516483
0.8561742797373778
0.8567660619048114
0.8556710097523782
0.8537314733465606
0.8524125506553542
0.8512793556009293
0.8520398384322172
0.8516756536805907
0.850836984909811
0.8489427162109375
0.8481810082315325
0.846922124884489
0.8479249862038408
0.8475987429870292
0.84637326374587
0.8448490497518003
0.8434567951360391
0.8435577131857567
0.8432460082802666
0.8428830412024608
0.8413378308441276
0.8402669551223333
0.8393070995930882
0.8394767872571525
0.8393037189022168
0.8389067373065405
0.8366542813951485
0.8355345940143796
0.8343022443947902
0.8342818191706961
0.8342208084747724
0.8328169326789541
0.831248587557274
0.8298992833489743
0.8288298313673967
0.8288209378631487
0.8286204728126634
0.8273141179356471
0.8253758183197553
0.8241420672101745
0.8244840353888193
0.8249665465313379
0.8243613240940204
0.8224062032497199
0.8208663195364319
0.8196740557987621
0.8200634584541318
0.8199875717680396
0.8195615999693245
0.8176936967278594
0.8167401865714605
0.8155652559535138
0.8165686433347281
0.8156189559833422
0.8148725475293815
0.8127609208108483
0.8111911428179738
0.8101564913788699
0.8116861135724598
0.8103815149629167
0.8100601605116526
0.8083429953895152
0.8067436732895317
0.8061892382486129
0.8068104701421535
0.8060810653069501
0.8049392959685958
0.8048092026513309
0.8034056936438885
0.8029082267245282
0.8029432181082832
0.8022773998366034
0.8009692282708276
0.8010954508552761
0.798977809654342
0.7980452837125893
0.7981937065621472
0.7979560277230895
0.7952508269552543
0.7938152352868817
0.7925744978156295
0.7935040717435098
0.7934963013215179
0.7925258556306101
0.790053309680251
0.7891044251681637
0.7875255645985613
0.7902199506916691
0.7887018041279374
0.787921141995504
0.78718836759528
0.7848503889956152
0.783885644934219
0.7848168271764223
0.7842179405120965
0.7828066696813998
0.7816356252012032
0.7796714617265376
0.7789094723268293
0.7796275141515517
0.7793672016537563
0.7786214243417415
0.7763020097424185
0.774931476197646
0.7754528638691688
0.7745329251447037
0.7730374846471257
1.0232759275152832
1.0180028895546713
1.0103330328260416
1.0065781979325417
1.0034524458481149
1.0011036049091975
0.9991325165573006
0.9975183418332737
0.9971138663768351
0.9947463999844443
0.9925781852747173
0.9910663661412457
0.9897082280861232
0.9891484538214795
0.9878514997641673
0.9863203514393298
0.984781184210705
0.9833822676532968
0.9829050580716248
0.9819338218922498
0.9810921499280395
0.9792900434408933
0.9781435580742087
0.9776413628262622
0.976681538814533
0.9758024231834096
0.9747477604779766
0.9735373098812856
0.9725983318931061
0.9713889677518637
0.9702770585794422
0.9690138418002225
0.9680215528031335
0.9668909789016185
0.9659027942758787
0.9653930460885144
0.9642285382674238
0.9629691922961132
0.9620268394457623
0.9617045865197079
0.9606990598524513
0.960034116418489
0.9584590277185212
0.9571887903164654
0.9562107477118278
0.955578594165526
0.954824053846624
0.9539416770617098
0.9523575492010348
0.951253825732295
0.9504145422196724
0.9497250981284042
0.94887353527212
0.9471580152107757
0.9459875137344905
0.9448946506730312
0.9447043868407479
0.9438072256785068
0.9428361279723818
0.9412107864569883
0.9400977176422435
0.9394803975657137
0.9388411916472327
0.9379103238321838
0.936615518276977
0.935420782410325
0.9345280937285529
0.9336087386597219
0.9327632437207422
0.9318413427348762
0.9307165994149745
0.929541223237387
0.9286783002527234
0.9283168682354825
0.92718469642977
0.9258419769831028
0.9247698852644193
0.9235767885220743
0.9229468513823414
0.9223984015133426
0.921604623195987
0.9200439516240564
0.9190729049758491
0.9178615764230937
0.9177145410875415
0.916952514768157
0.9160955718545388
0.9145126907632821
0.9135737304395976
0.9133485161714241
0.9124552922424838
0.9116605090030456
0.9096983644926595
0.9085041768438231
0.9075215566555344
0.9072908498844351
0.9063302964899057
0.9055149266512673
0.903877254434468
0.9028194432914731
0.9026117010106296
0.9018328970361486
0.9012916511006139
0.8998084993658916
0.8984001727129522
0.8977119869571044
0.8998916034846403
0.895767441599759
0.8949221230379851
0.8936120228379976
0.8930589384157279
0.8920240844289881
0.8906786533559682
0.8905323072045318
0.889346319804775
0.8880753646119436
0.8874456298832157
0.8867728125732659
0.8860253860056986
0.8859020437445235
0.8847744651854814
0.8845865226439258
0.8826123598672326
0.8829051100302507
0.8822277477801335
0.8816048973837113
0.8805071684240661
0.8800466283161696
0.879046220620063
0.8788718913685045
0.8788400859540835
0.8778969829784067
0.8763530020387454
0.8755707633449662
0.8752956920084298
0.874990401895024
0.8744645434573179
0.8730974292255617
0.8717406304226147
0.8709026042607846
0.8710345615872063
0.870478516710409
0.8700898983681892
0.8686592715347068
0.8676314847240245
0.8667398493931238
0.8659649029858372
0.8660438890671722
0.864880234497653
0.8637107626372436
0.8626876099779975
0.8615752674280573
0.8611555663676278
0.8604919368576891
0.8592052368170651
0.8580016026851762
0.8570475358743668
0.8569993703194291
0.8566189542639403
0.8559190027428947
0.8546437081623599
0.8536345317616251
0.8526275565681894
0.8527099450141182
0.8517394227664621
0.8512199917645136
0.849858833743849
0.8488490126005814
0.8478493627036736
0.8476820782178764
0.847690545101399
0.8465099476762974
0.8451170736015416
0.844141902861066
0.8428719128597887
0.8431020593927597
0.84290321685507
0.8418750502217385
0.840210193931358
0.8391985841431101
0.8384571167493305
0.8382356718953462
0.8379431745132647
0.837077636208557
0.8354284125533422
0.834449630185244
0.8337350080222334
0.8332959569821158
0.8326435295405188
0.8312747294257081
0.8305658341114034
0.8300478686444597
0.8292256332512643
0.8290590931874068
0.8284307778974014
0.8275430439399931
0.8268186031626478
0.8260306794484562
0.8261619538925172
0.8261864115798099
0.8258376031435013
0.8242594119589175
0.8233376445030322
0.8224920095626829
0.8222092732885242
0.8217672695066041
0.8212878718370117
0.8205540637149926
0.8191610580024925
0.8183588586623189
0.8182165111502435
0.817791233378866
0.8170566300126699
0.816045973434543
0.815331279448731
0.8143326740195279
0.8141817983660795
0.8134858695995115
0.8128066212097179
0.8113418709707159
0.8120105565077568
0.8104503576641295
0.8102500568357784
0.8099963483543082
0.8093148909622621
0.8076129250620843
0.806699603268644
0.8061107156583359
0.8052940197880437
0.8034774715724409
0.8043863555607482
0.8031333741922275
0.8027504099185094
0.8012285642075965
0.8007031041245785
0.8004872799594874
0.799561840199853
0.7984513634626808
0.797682588813443
0.7975522087091018
0.7973019216073568
0.7968559250376279
0.7962328221528585
0.7949015745794508
0.7939829709365425
0.7930100510574447
0.793580297550212
0.7928970573005458
0.7924318467889362
0.7910269291568962
0.7903353791989755
0.790377393259176
0.789933403331195
0.789381474196604
0.7888833171497135
0.7872007847580595
0.7866892744841892
0.7858254693806208
0.786537132974836
0.7858526261556835
0.7850361394743925
0.7839877385349492
0.783409196317207
0.7824007376283747
0.7826530837351697
0.7828426296544609
0.7713325791704497
0.7816102465090863
0.7807727825078745
0.7799904674353815
0.7797803700410746
0.7799371401096138
0.7785861669469932
0.7779849329326938
0.7770998115794188
0.7776012885088818
0.7763390397491146
0.7761593143059627
0.7751240205309122
0.7738347995707515
0.7729823543397055
0.7724257214792247
0.7731607800514118
0.772688298216321
0.7722272325542565
0.7706616702502788
0.7699601431450195
0.7689705438754827
0.7695754489035694
0.771003272735479
0.770182018689803
0.7691961196007623
0.7684238051609673
0.7676790289771713
0.7688349181180419
0.7677539935235546
0.767179718447378
0.7662696913865727
0.7652500026968855
0.7653491915406105
0.7654484710698765
0.7645713180391093
0.763809291627545
0.7632350597925089
0.7616689088761738
0.7609691691261823
0.7612871962837318
0.7604357741398278
0.7603860284317323
