103.49437997142856
101.68371642857143
100.30880408571427
99.33508634285715
98.62612542857144
98.05625434285714
97.64738554285714
97.27609460000001
97.67865857142858
97.34299694285714
97.05839091428572
96.48582565714287
96.30008517142858
96.31467365714286
96.42785125714285
96.22309728571429
95.83795102857142
95.9425521142857
95.47690814285713
95.85367705714286
95.68252642857142
95.61753662857143
95.15881122857141
95.10892791428573
95.04713365714285
95.39388922857142
95.38195248571428
95.09446954285715
94.55713328571427
94.45527088571428
94.30255382857142
94.22085502857144
94.10145857142857
93.99432497142858
93.89676071428572
93.77081860000001
93.64195751428572
93.70674708571428
93.59062042857143
93.4042058
93.37505445714285
93.3212742
93.7915682
93.77324594285714
93.69636268571429
93.06366925714286
92.8765738857143
92.81699108571428
93.21274811428572
93.13904365714285
92.83134108571429
92.46161622857142
92.51156337142858
92.62476660000002
92.71436931428572
92.58110394285714
92.07783688571429
91.97702865714284
91.84109208571428
92.28984639999999
92.18434945714284
92.13003619999999
91.5840498
91.45701748571427
91.44239285714286
91.69787574285715
91.67221257142857
91.63454459999998
91.03575128571428
90.94721254285713
90.83560828571429
90.91106968571428
90.73641805714286
90.61525094285714
90.49740814285715
90.39105208571428
90.28762351428571
90.33702397142856
90.27857902857143
90.05341157142858
89.98578074285714
89.80177914285714
90.24778425714285
90.16403371428572
90.07736342857143
89.51918928571429
89.35104568571428
89.38803474285713
89.71361842857142
89.60356894285715
89.37416477142857
88.83789622857142
88.57490208571429
88.59313277142857
88.90919862857143
88.98625580000001
88.91156131428572
88.17809354285714
88.07548997142858
87.75158074285714
88.01075757142857
88.16209234285714
87.95982388571429
87.1581732
87.06452720000001
86.70441445714286
87.17141231428572
87.1157376
86.84466288571429
86.28296437142856
86.32179885714285
86.02778302857143
85.92584865714285
85.59947457142857
85.24272925714286
85.30121648571428
84.91498082857143
84.58018931428572
84.56637485714286
84.2616422
84.10319405714286
83.62590422857143
83.28902768571429
83.0860222857143
83.50250425714286
83.45948525714284
83.24344005714286
82.5597240857143
82.1485232
82.12274591428572
82.24587154285715
82.35017894285714
81.82321525714286
81.18926400000001
80.69829088571429
80.5998986
80.90155037142857
81.19095477142858
80.6207436
79.71388182857143
79.14281425714286
79.5023344
79.70630391428571
79.74432994285715
79.55051674285714
78.46487862857143
78.37792785714286
78.14648062857144
78.74057505714286
78.88767197142857
78.83575545714285
77.4152196
77.78825708571429
77.44939951428572
77.12279574285714
78.6487826857143
77.64333317142858
76.69912037142856
76.7633684857143
76.56928734285715
76.40114048571428
76.44019131428571
76.25289102857143
75.89694914285714
75.60893197142858
74.91592957142858
75.54389788571429
74.76779622857143
74.96357108571429
74.44310157142857
73.50737202857142
73.25501737142856
72.98447634285714
73.45848500000001
73.21507911428571
72.98488005714286
72.06847111428571
71.81768005714285
71.47559305714286
71.82922822857142
71.83225191428572
71.48506262857143
70.53610391428572
70.22956020000001
69.82111682857143
69.92690845714286
70.2938491142857
69.84622674285714
68.94773045714287
68.58953948571428
92.12205919920413
86.6763341913618
83.8507671173629
82.04413023327423
80.88615131317259
80.06604647519914
79.57858718784158
79.29056880185696
78.92345768688985
78.54262834439355
77.97060188159037
77.83121074044489
77.93713901611697
77.68954176451174
77.51385000788005
77.2944711972108
77.13811198692206
77.37546007733177
77.42144094706948
77.41378746222357
77.47318155397693
77.31157963716056
77.09216378482152
77.22819063201777
77.47249709753244
77.61367784208751
77.57539028535146
77.55642666532852
77.28458551939968
77.34412326035266
77.41515692731586
77.46677918068534
77.49386107518394
77.43975923974172
77.24769791301537
77.14935203716334
77.19299680454678
77.13622930463153
77.02158638207328
76.83811700244956
76.64422006298477
76.55773912663541
76.67660789413216
76.67131857987425
76.75798096336243
76.6607248825921
76.49871303650019
76.3598378369334
76.3888590223392
76.367530085362
76.3238556594547
76.23375927556346
75.92037583739388
75.95852771911383
76.09479863500803
76.0902331180658
76.07504693567911
75.94427826297452
75.8686172661627
75.84887246465289
76.07976035247314
76.24849208138117
76.40755005753653
76.3374992941635
76.06426761198128
75.52836658923682
75.61281274333408
75.61661728139015
75.59706894300675
75.6157039028882
75.51877629316178
75.43200135939342
75.40555934616572
75.4385721895599
75.4192641933878
75.3953775069948
75.15744799393556
75.06012905418883
75.17453809597194
75.18521863170929
75.27455549945773
75.30252908965711
74.92715329742671
75.05165788449851
75.13471956378403
75.23484776460312
75.34070083490289
75.47825046741306
75.03521320724363
74.58969813212683
74.53842439017765
74.48178068735155
74.46653011185772
74.5007968774414
74.2911319551487
74.2378589900317
74.25982774077158
74.28862919463742
74.2722592475358
74.2849258935329
74.19133945162937
74.15164542109413
74.255911686669
74.14704598875988
74.14384526678909
74.10970956437006
74.07196879609128
74.04442497418971
74.10173337411672
74.06285011559989
73.9726986073872
73.96027922209245
73.9356656164745
73.96677549788706
74.028180877648
74.04764811129371
73.95253639282465
73.94838635052761
73.87418292556039
73.7012331936778
73.7316345123957
73.65740783084455
73.59326126000299
73.60407529939911
73.53531683226821
73.38373564407954
73.42653731662934
73.30119595546665
73.33547191822363
73.45881321974132
73.33631076485766
73.21035431861266
73.0948002962942
73.03843656271923
73.13137150152531
73.08090727064211
73.08017619679154
72.8913194667284
72.8126341871402
72.86757823357108
72.91767185671006
72.86992985302517
72.86301617919312
72.74930687359269
72.74251412130691
72.62638949008272
72.5988460115015
72.57520585937739
72.53807715549283
72.41113860449298
72.35172196607806
72.40473242221287
72.37867302016969
72.39214058612643
72.47374768850915
72.34916820594431
72.18518039106574
72.16334930878288
72.17753359892349
72.20300828137351
72.26698006769215
72.0701668376064
71.98754002472168
72.01217691298099
71.99841147643315
71.94793185214209
72.00582510914157
71.99588186581084
72.22100937381086
72.27277844537531
72.1305902119349
72.16320269605237
72.09848316940302
71.90679505238487
71.33449837892681
71.46212683458114
71.03434815947271
71.03718707075811
71.09703680601932
71.0930982817746
101.82134825537197
98.75679268719615
96.71536015918421
95.36664085271936
94.19185064125902
93.53219761607822
93.09159448760997
92.61227618671366
92.09662369495337
91.80428844963312
91.4562240924108
91.06333627203803
90.72255802044097
90.58867615517629
90.51763415190068
90.18720019311198
89.86929738661146
89.60664837513626
89.41196054435129
89.28151061933234
89.17949563897508
88.95395158460595
88.70392868128329
88.63585337814214
88.6258915023646
88.47904789532983
88.25779465313242
88.06912405252845
88.0323440241508
87.91160994458275
87.78781867139918
87.81440553997828
87.52425549397425
87.3589821606107
87.34069965299932
87.27899459601393
87.20628236880103
87.10253711491649
86.83616565160006
86.81855593550438
86.75945461100626
86.71432828396628
86.53968129104138
86.57283664783792
86.37386104615943
86.40974493668091
86.28251939764114
86.31893684851623
86.17800893954546
86.16827145122346
86.01692777853951
85.90090489473371
85.77573733163862
85.74010687395366
85.68716631696074
85.61170275578091
85.45834433856055
85.29720908008397
85.28705700108962
85.23323262959784
85.14488776282417
85.16086001093537
85.01719451834408
84.86778933760274
84.75037497727054
84.63005238255104
84.81442421077195
84.76442895474857
84.79588080262323
84.63979636844462
84.57745686121866
84.52360076004392
84.53732723822095
84.4517109088668
84.33899583714931
84.30038082771063
84.33432083160636
84.43072851584063
84.32009342373438
84.13071886908506
84.07311163375371
83.95407712227355
83.91632627410766
83.82744540485452
83.980015398608
83.8516692970178
83.7207214702134
83.18619676671834
83.12399499539451
83.10231587029836
83.14876396027586
83.19685547476274
83.26665222137217
82.9405551363942
82.83584232029862
82.8568237340692
82.78393486258862
82.95624338799365
82.8086911787378
82.62418898634414
82.49925405898934
82.66505745340375
82.60301378056354
82.62402777008428
82.75320509024723
82.60957093850753
82.6323628331671
82.63569135430244
82.82395729618497
82.49004742687758
82.16807892462839
81.9982237461683
81.84446430591531
81.77896345609638
81.88700991432671
82.11581308683603
81.8709232097202
81.76158916296937
81.63404016119337
81.57751096318806
81.76612565553705
81.79033153112017
81.67462856584106
81.44303527499243
81.43827656801491
81.39068699278702
81.48438807225425
81.66400746975377
81.6616938819148
81.466569404189
81.43674776210361
81.45146695559791
81.37657178454334
81.38401136789591
81.34930373505487
81.22468036418728
81.19103854975023
81.15156599897358
81.0591090721493
81.17744548003792
81.04936637899017
80.99656872197838
80.9383904201726
80.92373652620716
80.89573580588454
80.96758592545893
80.88322287593786
80.71818732121534
80.67128640017306
80.6953257131256
80.67055198529928
80.64607553868002
80.55022490460478
80.49155659488983
80.31743518197557
80.32908533564247
80.37518650355989
80.56215985137449
80.52678202714343
80.33569259998022
80.37903134712222
80.08299521915734
80.07618912218254
80.08995577255487
80.18373880629889
79.99162591185663
79.87918979108906
79.7777880205863
79.76108331718572
79.86359575457372
79.83381155557423
79.62939598675194
79.50540145722402
79.38651920610947
79.29746189291583
79.71425619381249
79.61130812235274
79.3733243666112
79.35680557058433
79.25167339867379
79.22136038706327
79.44169486612952
79.42738029672654
79.22380386758846
79.07810767844055
79.05210481415645
79.15093654712366
79.49366810696665
79.5998296881892
79.42890896117805
79.29314959393817
79.29159714175744
79.18734811645287
79.42598070305725
79.3933648406486
78.73910140070352
78.57527020044722
78.24868533650248
77.98776396307689
78.47471533675417
78.54925744613178
97.81005855285132
95.22295723167768
93.50660636551633
92.31907005730278
92.0606067397478
91.62742664178765
90.82618597482343
90.31059132202385
89.81486326683165
89.61503249814834
89.97789865736102
89.85060797029034
89.45582602393014
89.22311377063815
89.10593892641572
89.08882119027875
89.5594277368368
89.3632209514097
88.94866382895688
88.69619210689008
88.79220099754694
89.19806095604783
89.391450530209
89.05456352815403
88.86150565165084
88.61322631240228
88.64184294804757
88.88385908409003
88.62464929346223
88.10025413639858
87.60997002714134
87.17305612479923
87.66945982409523
87.96862780799017
103.64713859832753
101.45228409384465
99.66747367090994
98.24007859673529
97.31145993855681
96.15444309552268
95.59041692121966
95.0288254562306
95.21623065623433
95.03018371969793
94.63304261797222
93.735952775248
93.39964833073947
93.13952476206343
93.56727531003435
93.33635121223209
92.75875683481985
92.2202368870497
91.96369953130336
92.02927149682206
92.19811732691691
92.10940487002428
91.34398250262912
91.22641761042263
91.0388108543106
91.55679776612064
91.40325043181394
91.29777015039605
90.4786623695991
90.29534672702255
90.20901251271309
90.22707723513528
89.93006260693134
89.81790970143031
89.518399024089
89.38824610638324
89.30849966133843
89.27755741811711
89.25849586827115
89.06586744913986
88.97365669054167
88.74338365327627
88.80245771851912
89.53084536933903
89.31613512066548
89.31493549973261
88.36056965779025
88.12774531229675
88.018565769445
88.74462981295754
88.58559151196198
88.442031450601
87.77107635269272
87.44407432534234
87.29981233273469
88.05785705525592
87.7360290627312
87.71037395750618
86.85987484266857
86.74699094992752
86.62416828074015
87.30885779934823
87.15622327068631
87.07538739499292
86.11143082330003
85.93707246158914
85.8298950689468
86.36365251299775
86.28536907631778
86.3318801879992
85.59742107437015
85.3879554099273
85.48592748452077
85.15642295711223
85.09019925083598
84.90223561210163
84.67619107068856
84.55938675075728
84.45406394900496
84.53749836947733
84.49467851904366
84.55578395275776
83.9783739671993
83.89039847469394
83.9916304331231
84.34098741799968
84.32733990495228
84.3533986481608
83.38771466988466
83.26509948530766
83.26486478763886
84.03708514740597
84.32915967366532
83.7925305991836
83.18430734076735
83.07064301606074
82.97079678749083
83.96685617921376
83.67072922792346
83.47980261443607
82.90154801288067
82.8457670131477
82.62361499862065
82.93237481610132
82.99628117711147
82.8385784330362
81.95542129634916
81.76119678792325
81.54125998782935
82.61779085990291
82.22393155843334
82.1697065915958
81.73981912900902
81.2048556471314
80.9623880811988
80.84858966286798
80.8111979564872
80.66343262332731
80.85598142392959
80.3415484451802
80.53803546340335
80.06814812950974
80.04219949677375
80.10995764906146
79.81606969507492
79.85504088705633
79.84794259500406
80.37037979925734
80.5843681078749
80.5577966368974
80.6349931374855
79.69823034311446
79.5728120966001
79.34448958504335
80.43518486786493
80.25597723714569
80.14313620672323
79.38474795657919
79.05879456913418
78.97584294901404
79.92073726176801
80.14058398996872
79.58958155323583
78.94980617716341
78.35160722768502
78.40190417584138
78.8699957224237
79.06031291144244
78.69391565698174
77.5290439950404
77.42510817921591
77.21877663401051
77.91176108088543
78.65707668799516
78.09360191737832
77.01056832277568
77.90324510122737
76.83211797554247
76.73555660596223
78.25093512037495
78.24228159103262
76.95682160812368
76.44834672782895
76.35197485647888
76.15722711968674
76.23897255967887
76.10732674633319
75.91775190779917
75.52205670232257
75.02764421816394
74.52707256155837
75.2007104357208
75.22434297376122
74.92958001836503
73.79104964389131
73.569844132091
73.30344940457779
73.87438504852655
73.82276198481125
73.64905248503185
72.67553014031051
72.31260048330162
71.94087488535088
71.76203208141018
72.53998665956158
72.02534044090862
71.95133538736246
70.61389815412488
70.18603637004662
69.71065145238721
70.47009896368483
70.26338912695992
69.69026505720477
96.5598454059758
93.09880252655394
91.0619921443952
89.85601365207114
89.03523295847937
88.32689982165755
87.80958562066952
87.25668851515755
86.74313790102157
86.45697774365857
86.37365185216986
86.09511502636748
85.95907797451558
85.64664441463171
85.44842261699608
85.4082474783252
85.43156923176471
84.98260743097089
84.88578881208143
84.83628911923246
84.58618751785275
84.48753087126832
84.47281199651925
84.27523072062905
84.14251153054857
84.07133527216243
84.09593207027135
84.15597018909882
84.23721357265046
84.09092411600857
83.8116403995683
83.60742621841311
83.47971020522577
83.57063258755383
83.58360417362513
83.43390075332037
83.22609102891477
83.09356066264068
83.12300186961703
83.37218456628713
83.27962468254088
83.28288254249325
83.10060792954111
83.06860176713855
83.14077292232331
83.20608818739022
83.21998507536752
82.93036704156306
82.57480027853099
82.57314400401897
82.50247792814592
82.62053183382066
82.68148914360168
82.55794360646566
82.3196849103171
82.32873017894556
82.32805756175576
82.46972928899737
82.34863098032874
82.260611262867
82.11379934848254
82.02453432424267
81.84857191318457
82.21383359678244
82.17062077723688
82.1085358482023
81.90526579323792
81.832559282189
81.83310659149903
81.97037358652508
81.97241574741291
81.84573053336362
81.69700552102594
81.46329114170862
81.40095734178331
81.41427069809691
81.36152236115112
81.24534108263762
81.1746615047032
81.09351436051634
81.01365867065294
80.9498707929242
80.8962524255927
80.79774106244156
80.70551323426983
80.58269892196297
80.51336572401996
80.45337503690568
80.26990171565465
80.15495202187911
79.93114559725338
79.81355467984278
79.75199955725772
79.54267475037454
79.44318800753774
79.15816673082746
78.94808169794963
78.75985556417183
78.60821389106265
78.38917212618506
78.25297412499937
78.08648069012355
77.78462764153859
77.57243274041562
77.47882116656697
77.4119744753472
77.10067902826212
76.87397237123528
76.62298974484641
76.38190211412825
76.15524258506903
76.29563648460625
76.05673425349518
75.97105130744563
75.6987250660838
75.56312115739246
75.4180073656598
75.28410824860103
75.38815325597251
75.11129066683823
74.93981712086996
74.62323229407174
74.52117792240568
74.37895928877823
74.40971408676155
74.19310603782408
74.04496005180114
73.88736587968866
73.72868693838332
73.58452760578345
73.61634893787331
73.58084488291651
72.96727273657166
72.69869728324385
72.60806267780487
72.50590815174903
72.54517904748351
72.31628003923095
71.95989825655026
71.59945968371316
71.4105325856708
71.14864676074923
71.14142571042983
71.02059556353986
70.81360842193605
70.46147758183686
70.17483294134223
69.96440500687743
70.07054077316411
70.02155178206317
69.93416645292488
69.43641199493403
69.30779039159866
68.83001629113579
69.13341161842229
68.84479235713894
95.15834969022352
91.05999035484925
88.69340485511538
87.19682327484125
86.09872212506731
85.21266158900545
84.79098732596023
84.35042460204481
83.95387539242077
83.42644895939908
82.83379326397494
82.48775922045034
82.16110378946823
81.94001348988854
81.68845429796009
81.26745273376463
81.02377055899723
80.87514174838594
80.78317353396955
80.63764378538106
80.47638394543351
80.1937775438981
79.80644273194338
79.64670144626926
79.32566957013329
79.04501677640877
78.74430701506357
78.438494677996
78.08138522961076
77.94483845863705
77.8532233889056
77.68477753981088
77.59119939172672
77.38043497054446
77.13121844062071
76.98202561431515
77.06498507886126
77.0055427190896
76.91194699929625
76.58946469447673
76.44347615139554
76.31512919003195
76.35773306280963
76.33499142394426
76.38551683116134
76.22399490901405
75.98439222476411
75.78040787838874
75.73795395907455
75.75243658579988
75.74044923653851
75.72479692857871
75.37847740470765
75.30652135504585
75.27603926580765
75.29847601367037
75.24484162860928
75.12399626848986
74.90542705935273
74.91805349076294
74.98851425093011
74.95137660719374
74.96849545139258
74.99029605786875
74.67366021878797
74.15658810334834
74.16639573935015
74.13155308205734
74.05131497022109
74.11205251106743
73.97280411097088
73.84425275031555
73.72698056484889
73.68476613320003
73.64481316652935
73.59576168063697
73.3686380535671
73.2456988430822
73.11752063897983
73.0677411312503
72.99022474254568
73.06561931760277
72.81536466896162
72.84096919931685
72.87214793972919
72.70131685961641
72.6138891967036
72.68326540403703
72.33287434191139
71.51412659204277
70.75568077961142
70.04204783326664
69.39902862096632
90.01374069288089
86.20432655315949
84.12786200209598
82.90389260093929
82.15076758660697
81.35310583421257
80.97938245445852
80.39692578948363
79.89005248993048
79.39562061371335
79.26976695817248
78.98454151093617
78.46788321240743
77.91343351594966
77.80969826509747
77.54751506749228
77.69375348752568
77.67255031451994
77.50366669170799
77.00994290036755
76.98091892862593
76.92406158554557
76.93808260714569
77.0900960613504
77.08862867762252
77.02573095678414
76.65881555063032
76.56647134869156
77.08369719655586
76.65011548345541
75.80639576308235
74.66523275434463
74.12723685816557
73.67205399911072
73.8256011227188
73.7931038648296
112.94838369062268
111.75467743894791
110.78811897150311
109.92383071190248
109.43957981837681
108.91943689333108
108.6150854849147
108.03884340665297
107.95937350563412
107.6996733703031
107.33532424811241
106.9889609088947
106.67574095336431
106.69804447528296
106.49982559035018
106.60110386155988
106.0376260282232
105.66745524849298
105.49806581250138
105.45559152945015
105.34063389314939
105.04721462662576
104.74320228593884
104.4647983289253
104.50200164279994
104.19812166663999
104.35610378106735
103.92887905541298
103.6040493480621
103.41162016884095
103.27050521505565
102.93424555881798
103.03479497795476
102.77184562123847
102.5052154749019
102.33281147292837
102.18387930069699
101.99098691517925
101.7991314133164
101.5459803851112
101.3734021824233
101.41718877973767
101.2652885111903
101.06746598624103
100.63303376218282
100.42677784402892
100.30642431864425
100.30645822466806
100.17588208855241
99.94116235274166
99.66669942928502
99.47513937789432
99.51732594450236
99.36062589245257
99.21025669051991
98.89922392385937
98.69363523173502
98.52887128634752
98.5701140533725
98.46113819472308
98.31927761532744
98.03454954126629
97.871308581647
97.71263502397215
97.74709288664802
97.63119468064319
97.47578941144414
97.16475165338888
97.04302854596817
96.86340247502531
96.7876728466121
96.65827534653077
96.50628201763334
96.35543684736467
96.20375589009733
96.05396779628093
96.02721028958383
95.86311304942043
95.66428562693542
95.49465847896026
95.3470645029073
95.42177634606274
95.37244163185014
95.22805207544599
94.90960697724711
94.75337888163139
94.57783716235818
94.62461479968
94.54933216768553
94.42599323237835
94.14126621799659
93.97818677949931
93.83765879591687
93.92594939061854
93.82569750519998
93.67962944704927
93.32857071590733
93.14931346596244
93.01575079686245
93.06713856115198
93.01803688345517
92.78827217297017
92.48582478443937
92.36700230002995
92.35056631472762
92.32008181810153
92.20940115711763
91.96909119710274
91.66843770306296
91.50187055856614
91.37821269696568
91.25978413349203
91.15020436754986
90.9604961442385
90.86330182838086
90.71372137804069
90.5753951845042
90.57383128625305
90.47153553194683
90.29571910848819
90.18613436364078
90.00910488217914
90.13894676091753
90.08044885324763
90.03597016699048
89.76105083018349
89.55191460870289
89.43356636837314
89.54263566410614
89.54689889964031
89.43211737787999
89.16996184007563
88.97498256959209
88.81878035093884
88.9328559530688
88.93890269412817
88.88336890196898
88.60527781595268
88.37730695204236
88.23260139089687
88.34513642374675
88.32320449439636
88.31774782613965
88.04473111193349
87.82538380830069
87.67783071837894
87.78585156838432
87.8085535927837
87.81715342517805
87.57924669218046
87.33504123661349
87.19937581969484
87.07399831247233
87.27292791584455
87.18283353441993
86.85614587202163
86.70769829779614
86.54883330879709
86.38216971350303
86.37508015508372
86.26011509942069
86.06799596874177
85.89658554288846
85.75350766643946
85.91225926544911
85.84904759751451
85.80682905050968
85.70613675842046
85.38304268583028
85.20482130162551
85.09343694351077
85.22809145626609
85.14881084526792
85.06601842534623
84.72940502043348
84.58407084485134
84.41932047271352
84.59862054319586
84.6111936546762
84.51851218093391
84.12360186795557
83.93659671141248
83.75521412204803
83.90007787313326
83.92872060726715
83.84530023565753
83.50344419510611
83.34310483908396
83.22228744604926
83.3246942636472
83.26213391263074
83.2176921067676
82.92554074237995
82.72460034342932
82.5745616338264
82.48802847041175
82.39869752314978
82.35566913400683
82.18236619142073
82.0293902198707
81.86229362226341
81.71127956375132
81.6682322270566
81.62636003639095
81.4868858383687
81.36141773625809
81.27610438217272
81.18302173324231
81.3915197021194
81.39556976527273
81.35080038188161
80.96532111558949
80.80120079309023
80.66613817260757
80.80551509396743
80.72770870589358
80.69337168142765
80.41572331033849
80.3346268704635
80.16040142287848
80.26091592722577
80.21239726026015
80.15648920504725
79.9670126711467
79.73230808254542
79.6003813300213
79.44418103637582
79.60762554901854
79.58031709277202
79.46621641590053
79.07315494435514
78.93430755534463
78.77243001967663
78.93576244238106
78.8805935555716
78.909127473939
78.48669953677349
78.280218080534
78.13031895917143
78.02222308729266
78.06806511042522
78.0553137139094
77.77387811387685
77.5928375499072
77.43034256691345
77.26664591494232
77.24991250494585
77.18873751612699
76.97417395466277
76.8176754017058
76.59919886427988
76.57266562578714
76.66762976921562
76.62209148477709
76.45511047162987
76.05583481489873
75.9568264199574
75.72546774959503
75.86276593705674
75.8035709510379
75.69089416151863
75.40884498056192
75.16565397608431
74.9776744411589
74.94375590164664
74.94824748140363
74.77124393340226
74.59527926042475
74.15923030893711
73.99171850269971
73.75945629480614
73.90602266873555
73.72175756933301
73.52003346120676
73.24769807817854
72.95509439062691
72.6746417756556
72.72075858719352
72.45629680365067
72.29569194619326
72.01432502191581
71.76845278706635
71.5128625981141
71.19783675065794
71.20793728305763
70.94721140207683
70.59787499886166
70.2250468876915
69.93694899548366
69.56882902739042
69.38147901283992
69.24163538827935
69.00805327166363
68.57861609046321
113.5474613591438
111.92512939359283
110.44366853557301
109.21734628367842
108.20415024312562
107.40719838605483
106.74830697832158
106.28534126767109
106.25864737207348
105.93541183605488
105.38195567237129
104.90673597144857
104.57079908977447
104.76054076990768
104.60246890093588
104.4182314375427
103.82150336540221
103.49895741160455
103.5273677001215
103.6293459598362
103.54404226334964
103.16183541749263
102.80607206336248
102.60833697102878
102.94503132139286
102.8784199741653
102.81234317633998
102.31898893817967
102.0791028065575
101.86915439228228
101.77490115486516
101.63663788889193
101.47626957138174
101.33570472851463
101.19840318440995
101.07594242338895
101.223781816078
101.09653028288707
100.89081530362445
100.79084748172187
100.88613405157186
101.16274257781622
101.1686403123911
101.05563479894366
100.51577817741392
100.3416159933473
100.55598345990393
100.56281251033106
100.54565896413774
100.07955290136448
99.81285440266203
99.64473199907951
99.93493185347303
99.92324894175212
99.82411503185341
99.29962933043323
99.09572128484334
98.9865136488502
99.39145847100755
99.36066319418137
99.10770374080596
98.73438158839161
98.57043143930814
98.91329278257365
98.88630621740678
98.84761671214149
98.47361839503579
98.29683657498444
98.13275954318698
98.08680692499084
98.07532140837519
97.99069232735161
97.74590851578974
97.64890933436072
97.49359448188414
97.65736672248111
97.60323808130177
97.35351926534489
97.16105135717366
96.9722099215989
97.33454345015754
97.33096116222426
97.26528952391973
96.83955537068798
96.65679399948844
96.53298250611086
96.92168010105307
97.03559775801024
96.91027128292508
96.4500096585061
96.22831918710129
96.09968304438401
96.53807195012422
96.47956428775967
96.28440980364708
95.7200025946652
95.59410291569782
95.75363518196114
95.81485936905275
95.80781286270513
95.36076721895358
95.03052682718072
94.7810782461124
95.20412331659726
95.17494171486743
95.15768164819386
94.60000617827055
94.4196628501686
94.22356242483583
94.09704385670501
93.99677617166071
93.86590466129476
93.73438542299064
93.52415401247772
93.3752580410247
93.39613877281427
93.48701629713642
93.28130580526428
93.11329730104957
92.92289206065709
93.33206588185637
93.42529486923458
93.52082179751321
93.267349855572
92.74720447236695
92.54710138770449
92.91190909861116
93.092477858607
93.0496511750079
92.618066299821
92.23373347614479
91.98907044505769
92.44038112890095
92.58173907504371
92.60755398589356
91.99802069375787
91.7558613234433
91.56232522010312
92.07435800415527
92.44861908479004
92.23556017034991
91.56832801784577
91.31736549460766
91.17491483185677
91.73310792883265
91.91114771871771
91.87814448169529
91.21589490354994
91.06290175689217
90.93587955558908
91.08070686141599
91.41688074661504
90.9850117680456
90.62478355591783
90.41488958470423
90.14450260501556
90.31295416383648
90.25119397483954
89.94196848849089
89.65585763372269
89.46614265579477
89.95300031868823
89.96805833859034
90.13240367505641
89.88886271096361
89.35658599235168
89.15072174584766
89.27871470386816
89.57405368883039
89.52006437088738
89.31622233011637
88.79335494937952
88.73374658702912
88.85081344998545
89.24363853978714
89.22736577780091
88.81467234012658
88.35669431269929
88.10746080675041
88.35753399101976
88.70084801990798
88.66350433992059
88.29464177384271
87.86270835755957
87.65542497071766
87.96413255459984
88.05194340847802
88.06332771243392
87.6631242230249
87.28288865371094
87.04443701250595
86.86244829985611
86.93032516708254
86.9251558526963
86.56513090966004
86.33248825669064
86.11346511756767
85.94727379764481
86.0854081968678
86.03019237695484
85.82215460649512
85.64332117678333
85.5113240463148
86.07608824462025
86.38286007126106
86.38483205324809
86.1280588177768
85.5948191832297
85.40552929774223
85.57035743253569
85.80735161749598
85.82254704910157
85.600973719916
85.16384961495169
84.99986045285786
84.96297477577932
85.36352847879462
85.472823289227
85.47716774888295
85.00253089497765
84.75832049869
84.61991553278
85.07500563675777
85.1189214468553
85.11258830793723
84.35602811552728
84.14692187054355
83.99528382039877
84.55330216937351
84.63796137438328
84.62913522384643
83.98705323520355
83.77757427727823
83.51637352222018
83.59250591687288
83.8160157383946
83.71243385129658
83.37979183231177
83.107332288087
83.00751410932146
82.86994171271682
83.10711246140727
83.04207119979135
82.68684364225362
82.46054069180329
82.22132581944909
82.82793777556164
83.03146935460039
82.91757114302608
82.43492457130674
82.21980536173861
82.02974160751822
82.44789307895965
82.47070966095316
82.46751176042709
82.14055960684274
81.82389319417075
81.69022335115226
81.85972242148759
82.14602539105849
82.12434078978877
81.74856300439146
81.253560664152
81.07504987598597
80.87504727644546
81.53089635049486
81.31812417936774
81.39952390386792
80.94883852793977
80.71721236479509
80.40994366140572
81.06250900372946
80.9078259602804
80.81499247087864
80.44736845782924
80.21913852598159
80.10140064293138
80.05466758622063
80.26477385714834
80.20298680691678
79.78588005086866
79.59057332279015
79.41093251328245
79.20272847779898
79.47662719274017
79.54264018734405
79.15013904442925
78.8112558261702
78.57600694273927
79.26551379814643
79.52403459118068
79.50805209328794
79.26123043307103
78.77191345419754
78.64529568464741
78.73909132896068
78.8464270105938
78.69429166229735
79.07576081471991
78.29762312820434
78.1071704647634
77.8654478966848
78.49505372518742
78.49100960681616
78.09384421525147
77.61139532166374
77.53470825886077
77.28591820277755
77.85130786252823
77.72000569608291
77.78337391266612
77.37444677669227
77.12160536244717
76.96303682396784
77.30421485365375
77.49033029964149
77.49659359136429
119.63046614367524
118.65455035067738
118.11334782615558
117.66011645123449
117.21673928977967
116.85543447731146
116.55722989499277
116.4125206770676
116.24241552874501
116.00037287440126
115.72719091719574
115.52483551138386
115.44179243963448
115.27568449863628
115.13942114212156
114.85059934707155
114.66231151373844
114.58779976119729
114.52945736677552
114.37648397678211
113.99607871567363
113.8247303644585
113.86969606794797
113.88053282990842
113.75170782603175
113.57980905790785
113.39868010348752
113.26303127894084
113.21554754513434
113.02173448294641
112.87131770065425
112.86257476267856
112.79654441597486
112.72301759183749
112.66556921217045
112.4860461727411
112.43377875578129
112.32695643169733
112.39142672862977
112.25801962954576
112.09708805140532
111.90787748015283
111.72054891001608
111.69733345288834
111.58780512927346
111.53835051322123
111.46226675161826
111.37623557099481
111.28190967697864
111.17722696445628
111.05494005688146
110.84671657272824
110.82892042395565
110.71065660334168
110.69151372357071
110.6095088119738
110.51492357346444
110.36232070041369
110.3052461522323
110.27859430044518
110.2834220184884
110.22398268989218
110.01187685744034
109.91756134444097
109.86564943965473
109.8616895581356
109.67232081442195
109.48047485357844
109.3735941441176
109.31212210051531
109.33943481824735
109.27232918427627
109.12943278319717
108.99488015602357
108.88225672545629
108.91874164012853
108.87223750642916
108.8045213242013
108.65082199544014
108.50221825936795
108.52563839585802
108.60999797230302
108.46440570175182
108.27817887903485
108.11422696551855
108.03405597074835
108.09356806262787
108.04934824020165
107.95036319536231
107.67862241874468
107.58926329505407
107.57331462790856
107.44641505789491
107.38022267968918
107.10996118212633
106.99640319563008
106.87958890517812
106.95876126798869
106.88729629500375
106.71615729218735
106.53732619125473
106.37382869147649
106.29031443972998
106.24988661556654
106.12294049052653
105.97639111217181
105.85874379578364
106.01667939478783
105.80537411781086
105.75566452973403
105.53584596980505
105.42991739627396
105.2728283107057
105.31971135628721
105.2367178711556
105.17856306200899
104.91637986261875
104.74481422753452
104.59251426209828
104.64731670657808
104.58262681282172
104.35280628031909
104.1276282517326
103.94385270917137
103.9941183810414
104.04430935841631
103.92234513340048
103.66803333056008
103.51530713988654
103.39014259081524
103.43516998267287
103.48290849112011
103.24764167063485
103.0716668652756
102.9036389130477
103.0076262296866
103.01391234480346
102.95366282384713
102.74440919618988
102.63621385553394
102.50832247079995
102.5461862108153
102.4779374806393
102.25218727720863
102.10928079300281
101.94736271389795
101.78804177288345
101.80765372704165
101.6907183475942
101.50287024608053
101.37597357423935
101.24138919285257
101.29258907868035
101.32312128152607
101.18995490267193
100.93499048358248
100.81897097201622
100.86348412326629
100.82727657002879
100.7740588772861
100.59253250946281
100.46170408886994
100.33968672172426
100.38867506498433
100.42794974230557
100.26593379092989
100.0429986419701
99.90799920276939
99.78639555592005
99.92532811030424
99.88710592630183
99.71733596647354
99.5634347227419
99.43639455419395
99.4408026190778
99.44157265568927
99.34356740610866
99.17598872834581
99.01467837748937
98.88631769050008
98.78138735302645
98.76554200842605
98.62120541422283
98.47942318848008
98.36705392944698
98.21405944518308
98.19323981020361
98.1019221911595
97.99433667809869
97.87645883746923
97.76104670304552
97.84848911284318
97.91612136054988
97.79097254312893
97.56931123960693
97.41857721775476
97.28906921153478
97.37598153511054
97.33436042063894
97.23851256112125
97.02202470982144
96.934972369318
96.79109998679874
96.90571270901037
96.8684277699462
96.72837299952799
96.55417711449147
96.39506230126162
96.40659579265791
96.37097237488761
96.32949042313838
96.15289495361458
96.0305091568381
95.92081138206723
95.94020425796029
95.9204250173962
95.87505569217606
95.61763215944555
95.48966788735767
95.34882793083317
95.34649361950812
95.33952096854541
95.1790780204519
94.99983857797417
94.84563238273992
94.72340929913105
94.72239289864557
94.69948260716153
94.5501849069311
94.32866495082918
94.18766482401993
94.22674690157935
94.28189103215291
94.21272275360234
93.98928037139656
93.8132936613065
93.67703494842995
93.72153810904364
93.71286534491881
93.66418285363709
93.45070819746965
93.34173560816691
93.20745782325872
93.32213066682607
93.21359496952482
93.12829114621503
92.88696237838266
92.707559179197
92.58931330044227
92.76412726542398
92.6150302814762
92.57830405847459
92.38205661594459
92.19927694737505
92.13591294269861
92.20691087338896
92.1235503207943
91.99306239641095
91.97819458872354
91.81779355930153
91.76094019708894
91.76493921237522
91.68884569561182
91.53934037380887
91.55376581203156
91.31174967478194
91.20517528143878
91.22213789281682
91.19497459692451
90.8858087948862
90.72174117564361
90.57994260750051
90.68617962782969
90.68529157960205
90.57438350064115
90.29180682060012
90.18336287636157
90.002921668407
90.31085150761932
90.13734904319286
90.04813051377188
89.964384868032
89.6971873137846
89.58693084962502
89.6933516773054
89.62490748709673
89.46361939215997
89.32978573728037
89.1053099116043
89.0182254087805
89.10028733160591
89.07053733185786
88.98530563905618
88.72022968484782
88.56359727973097
88.62318444219072
88.51804858796613
88.34714110252865
116.94582028746095
116.3431873776767
115.46663232297618
115.0375083351476
114.68027952549885
114.41184056105116
114.18657332083436
114.002096209517
113.95587044306686
113.68530285536507
113.43750688853913
113.2647275589995
113.10951178127122
113.04553757959765
112.89731425876197
112.72232587878055
112.54642105265201
112.38654487466249
112.33200663675711
112.22100821625712
112.12481713463309
111.91886210753066
111.78783520848098
111.73044146585853
111.62074729308948
111.5202769352468
111.3997440546259
111.26140684357549
111.15409507349783
111.01588202878443
110.8888066947934
110.74443906288258
110.6310346060724
110.50182616018498
110.38889077438614
110.33063383868735
110.19754723056272
110.05362197669865
109.94592450808713
109.90909560225232
109.79417826885158
109.7181847335416
109.53817459640243
109.39300460759604
109.28122830992318
109.20898219034582
109.12274901104276
109.02190594990971
108.84086276583255
108.71472294083371
108.6188048251054
108.54001121467476
108.44268974538514
108.24663030980292
108.11285871251322
107.98796007691784
107.9662156389426
107.8636829346865
107.75270033970077
107.56694702365581
107.43973915911353
107.36918829322441
107.29613618825518
107.1897512951067
107.04177351736881
106.9052322754657
106.80321071183462
106.69814156111109
106.60151356808483
106.49615345541443
106.36761136171138
106.23328265570137
106.13466288602554
106.09335636976942
105.96396530625942
105.81051165521174
105.6879868873622
105.55163297395134
105.47964015798188
105.41696017295345
105.32624265096995
105.14788018560645
105.03690342581133
104.898465876925
104.88166183857616
104.7945731163608
104.69663678337587
104.51573608723226
104.40842633595402
104.38268756244847
104.28060482771244
104.18977245749093
103.96552737058965
103.8290487821512
103.71674933206106
103.69038284393544
103.58060531313207
103.48742018871626
103.30025764965347
103.17936494759692
103.15562297264339
103.06661680413127
103.00476012578446
102.83525707038761
102.67430545290883
102.59565565224051
102.84475468395888
102.3734218971153
102.27681406148402
102.12708832434257
102.06387867608319
101.94560964902722
101.79184609782494
101.77512082337508
101.63957940625998
101.49432738422213
101.42235770093895
101.34546429408753
101.26004411493699
101.24594785651698
101.1170817354836
101.09560258787724
100.86998398482659
100.90344114631438
100.82602831772954
100.75484541528128
100.62939067703611
100.57675752184795
100.46242521372149
100.44250187068624
100.43886696618097
100.33108376896077
100.15462880442804
100.06523009656756
100.03379337239198
99.99890307371703
99.93880496655062
99.78256334006419
99.6275006197274
99.53172620123253
99.54680703853786
99.48325905261817
99.43884552779305
99.2753453182522
99.15788396845994
99.05598278778557
98.96741748409568
98.97644446481968
98.84345537116035
98.70980144425641
98.59286971177114
98.46574484892083
98.41777901344318
98.34193564087876
98.19488420766459
98.057326021163
97.94828981421334
97.94278517936333
97.89930905873604
97.81931459918796
97.67356664712685
97.55823220132858
97.4431493220788
97.45256514447065
97.3416483161671
97.28228477308727
97.12672385643988
97.01131572578073
96.89707002327698
96.87795179632873
96.87891944015988
96.74399402014828
96.58480841160475
96.47336032697898
96.32821861254727
96.35452107345826
96.331796212008
96.21429145391296
96.02402216358377
95.90840961635544
95.82367048563778
95.79836250232528
95.76493423008739
95.66601556669224
95.4775328632391
95.36567202117074
95.28400091682668
95.23382365509894
95.15926051891643
95.00282622008093
94.92180961273182
94.86261355936682
94.76864380014449
94.74961064998935
94.67780318827444
94.57634787885635
94.49355464715974
94.4035062226807
94.41850901628769
94.4213041805497
94.3814403592573
94.20107565244771
94.09573080034653
93.99908680716376
93.96677409011706
93.91625937218332
93.86147106708705
93.77760728171344
93.61840662885629
93.52672670426502
93.51045841717068
93.46185524329897
93.37790057287657
93.26239696394777
93.18071765128354
93.06659131651747
93.0493483846948
92.9698136685156
92.89218528111061
92.7247852537961
92.80120645802934
92.62289801875767
92.60000649551753
92.57101124049237
92.49313039568709
92.29862000709534
92.19424037355931
92.12693893238125
92.03360226149071
91.8259967511361
91.92986920694266
91.78667133625457
91.7429039906868
91.56897876658246
91.50892618566611
91.48426056679857
91.37849602284034
91.25158439573494
91.16372443582206
91.14882385246878
91.12021961226935
91.0692485757289
90.99803681746954
90.84589423765152
90.74091096417628
90.62972012085082
90.69489114859566
90.6168065486338
90.56363963302128
90.40307761793099
90.32404333702577
90.32884494390584
90.27810323785086
90.21502562246903
90.15809338853869
89.96580397234966
89.90734565533592
89.80862507207095
89.88995805426697
89.81172870350669
89.71841593993058
89.59859868970848
89.53247957910936
89.41722715752854
89.44606671259082
89.46772910336696
88.1522947623371
89.32688531532415
89.23117514375708
89.14176770690074
89.11775657612282
89.13567315538444
88.98127622251351
88.91256376373643
88.81140703764785
88.86871868672935
88.7244616856131
88.70392163496717
88.58560234638998
88.43826280808588
88.34084049596635
88.2772253119114
88.36123200587564
88.30723408186526
88.2545408633436
88.07561945717471
87.99544493085936
87.88234787148373
87.95147987469365
88.1146597411976
88.02080213597748
87.90812795437283
87.81986344696769
87.73474616881958
87.86684778491907
87.74331354554909
87.67768210827177
87.57367901560832
87.45714316535835
87.46847903321263
87.47982526512874
87.37957920446964
87.29249047171942
87.22686397628674
87.04787530013415
86.96790504299226
87.00425100385506
86.90694561598032
86.90126039219798
